11101110101110
10111101011100
00000101000001
00001011100000
11010010001100
00101111100110
00101111100001
11111110100000
00001101000101
00000110111111
11111000100010
00011101000000
11101000011111
01010111010000
11111010100011
00000100100011
00101010101000
00000010011000
11111100001011
11011110101111
00001011110001
11001010100110
00011100100011
01000000111001
11100100010111
00100010010010
00110010000111
11000000010100
11000110011010
00010110110101
11110000000001
00011011100101
00100000100110
00011100011101
00110011100100
00011010101110
00101111100110
11001111111101
11111111001101
11111001101111
10111111111001
00001010010010
11010101110010
00111000100011
11011111110101
00010101001000
00001000110001
11011011001010
10101001010000
11111101101001
11010111100111
00011000100100
00010100010011
01000011101001
00010111101000
11100110010010
00001111001101
11010111101011
11111111001110
11111110000101
00000000000000
11110011010011
00101011110001
10110101000111
00010001000111
00100011110011
00011101001110
00010111000110
00000001100111
00011011000100
00010110101111
11110101110010
11110000111011
11110100001011
11000101000011
11110110101001
00000100101111
00001100100101
00111001101100
11110001111110
00011000111010
00011111111100
00100101100110
11011000010111
00001000011110
00001001100000
11010111101110
11100010010110
00101011010000
11111010110000
00001111100101
00000011100001
11100110100111
11101001101001
00010001101111
11011010000010
00011111001110
00010110101111
11011111001010
11110101011001
11010000100010
10100111111111
00100111011011
11101011010010
00001101000101
00001001010111
00000000110111
11010111111000
11011010001010
11110001000010
11010000100111
11010101110011
00111010110110
00000010001111
11001111010111
11111110010111
11010010111010
11001010000101
11110101100100
00100110000111
00000101001001
00011010001111
11010001010101
11101101100110
11110101100001
11001111100001
11001011010001
00100101001110
00000000011101
11100110001110
00100000001101
00001001010000
11011000011101
00110101100010
00001011100100
00111011000111
00101101011111
11100100101010
11001100011000
11111101000101
11110010110010
11011110010010
00010011111001
00111011011111
11101010001010
11011110001010
11110110001010
00011010100000
11011101110111
11001111111111
11111011001101
11111101011001
00010011011001
11101000001101
11111010000001
11101110101000
11111100110101
00111101010110
11100111110001
11001010001010
00010010110001
11011011111001
00000001011100
11100110111011
00010101011001
00010110000110
11110111110111
10101101111010
00000101010011
00111111101010
00101000101101
11000000110110
11111100110111
11100100110001
11010111000100
11001110101011
00001011100011
11101110110110
00000010001111
11110001010011
11101101011011
00001110110101
00011101000111
01010100011010
11001001110000
11010111001001
00101001011110
11110000011011
11001000110011
00001100100111
00111110000101
00011100010011
01001110001110
00010100001010
01001010100001
11110010011011
11010010011101
11110111100100
00101111100100
11010011011001
00011001011001
11100111111110
00010110000010
11010100000011
00000011011100
10101111111001
11101100010011
00010010011110
11110011001011
00110001011011
11100110110001
10100011000101
11001110110010
00101010001100
11111011011110
00001111001010
00100101101111
10101011010001
11100110001111
11100011110111
11010111010100
11111000101110
00111100110010
11111110011110
00110001000011
11100100001011
00000000010011
11100000101110
00010111011101
11110101111101
00010011001100
00011010101101
11111100111000
00100011100010
01011100010010
00010100111110
11111111100010
00100100100000
00000010001111
11010011110000
00010011011010
11111111110011
11110100111110
00110011000001
01001010011110
11101011000111
00000100001001
11011111101110
00011011001100
10100001100000
00100111100100
00001000110000
00001010011101
00110000100000
11110101000001
11111010101011
11001101001110
10111101100001
11100011111001
00001011001110
11101010011000
11001010101101
00101010111000
11100011100011
11111111100011
11111111111110
11110110000010
00001111110110
11110101011101
10111101100000
11010110111000
00001001101110
11001101110010
11110010001000
11011010011000
11010001000100
11010111001100
11101111111101
00000110111100
11111011010111
00101010100010
11110110001100
11000011010111
00000000011001
00000010110111
00001100101010
00010011111110
00110011000101
11101010000111
00001010011011
11111111011110
11101000110100
01010101011000
11110101101101
11000111101011
01000110101111
00001101000001
11010011010010
00011000110011
00110010110000
11011100001100
00000101011010
11111010011100
11010001100000
00101111010100
11111111011001
00010101011011
11100011011000
11100101110011
00001100100100
00000100010001
01001001110111
11110101000000
01011000011011
00111100010010
10110010010001
10111100110110
11101001000101
11111000100101
00000000010111
00100001011101
11100011001001
11100011001011
11110111111101
11111111001100
00001011001001
00101010010011
00011000110110
10111010000011
00011011111000
00100000011100
00011001011100
00110100010111
00001101000101
11100101000111
11111010000010
10011110001000
00010010111011
00000100101011
11101000011000
11100101110101
11010100110100
11111110000110
00001111001010
11110010110011
11101100000001
11111110100100
11111001000001
11011001110000
00110011101010
00010001101000
00110011001100
11101100000111
11010011010011
00100000010010
00000001101001
11100001110010
11111100011100
10101111101110
00101011010100
11011000110010
11100100011111
00110101100010
11011011101010
11101111100000
11101011110001
01000000101111
00000011001111
11010100110011
11010011000100
01000101010111
01001101011011
01000001010110
11001101110100
11110111011110
11111000000011
00001100010010
11101001001000
11011000111011
11101110001001
00101011010000
01011110110100
00001001001010
11110101010110
00011100000011
11101100100001
01001010011100
00101100001111
11001110111100
11100101001111
00110101100110
00001111100001
00001111101101
10111011110001
00001001000111
00011011011010
11100110100011
11010111111100
11111000100101
11010101111000
11111101001001
00001011001010
00110110111000
00000111001100
11101010010110
01000001010100
00100000111111
00001001001110
00011010110110
11101011101101
00100010001110
00001010101111
00011000111110
11010110001001
00111101011000
00010001010111
10110011011001
00010010110010
00110010111011
00011001100001
00110111001100
00110100110000
11011011101010
10100011110111
01000111011111
00001111101000
00000000110100
11101111110010
11000010101010
00001000110110
11001001000101
11011110011101
11110111101010
00011110001101
00001111000001
11001010001111
00111011001110
00000001010100
01001010110000
11001111101100
11100000101110
11100001010110
11111011101110
11011000111101
11011001011110
10100000111011
11011110100000
00001010010010
11111000101010
11111001010011
11111011010101
00000110101111
11101011111110
11100011110101
00010100010100
11101111001011
00001001001010
11011001101010
11111010001010
00011101110000
11011100011010
00000101100100
11110110100100
11111100111111
11110001101011
10101100111110
11111010010001
00110111101100
00011010000011
11110000111011
11100101100100
00001001111101
11110000101011
11101010111000
00000010001110
00110010000111
10011011010011
00010111011000
11010111101110
00100101101111
10011111001000
11110111000100
00000010010101
11101111000010
11110111111001
11000011100010
11010010111111
11011111011011
00001110101010
11101000100101
00111101011100
00000101100110
10110101100100
11101101110110
11100101111100
00000100001000
11110111001100
11110100110110
11100010101100
11111101011011
11000110010011
00011000011110
11001011000111
11100101100100
11111010001010
00001001111011
11111100111100
01000101011110
01000000110100
00011001000010
00000011101011
11011111101110
11101101100100
11000111110100
11110001000010
11101101001100
01000101111111
00011110000110
00000010100110
11110100010011
00000011010100
00011110101000
01011001011001
00001101000100
00100010100000
00011011001010
00010110001011
00101000000010
00110010010101
00000001110001
11110011011101
00001001000100
00100111110101
00110000100110
11101010010100
00100100011101
11111001001000
11110010100101
00010101101001
00100101010000
11101001001101
11000100000111
11111101111111
00010110000110
00000011010110
00111111000011
11110010110010
00011111110010
11100000101001
11001101100001
00011010101001
11001000010110
11001100000010
11100111110101
11000100100001
00010110010101
11110100111011
11001100010011
11011100100000
11011000100101
11111101001001
10011111100000
11100100010000
11001000011001
00001101001011
00010111111011
00000101111000
11111011111101
10010110101101
00000001001000
11011100111111
11110101011001
11110010111010
11010001101110
00010111001100
00001001100101
11110001111111
00100011101010
00111111000101
11010011101110
11111110111110
11010011100111
00011110000000
00010011111111
11101011010101
11101001101010
11100001111001
00100101000000
11110110000100
11111010000001
11001101101101
00001100100000
01101011100001
00001011100101
11000111001001
00001001110111
11000110101000
00000101111100
10111100010110
00011100101111
00101101101000
00111110000001
00110111010011
11100001101101
00010001101100
00100100011010
11010101000101
00001000000100
00011110011111
11001100100001
11011001111011
00011111000110
11111111110000
00010100111101
00110110100001
00010011010001
11100000100011
00011110000011
11111001010101
11011111011000
01010011101100
00000011001101
11011010100011
00011001011010
01000011001110
00010111101110
00011111100101
00000100001101
11111001101010
00100010110011
11111000001110
00000011000001
11101010111101
11100100100111
11110101010010
11010000100001
00001001111100
00000100000110
11111110010111
10100110001011
11101011100110
00001001111101
00001110110000
00000111001010
11111110100001
10111111111011
00001101100100
11111010110001
00010011011001
00010111111011
11111100100100
00001101000000
11110010100111
11110011000111
11110000101110
11011001111010
00001001010101
00110001010111
11101000111000
11101011111101
00011100111001
00000001100101
00111101100110
10111100000001
11010110101100
11100001011111
01010110111111
00010001010000
11101110010001
00000001001101
11110011011001
00100111000101
00000000101111
00100000101100
00011100000100
11110110110000
11111011011101
00000101000111
11100000000011
11110110011110
11111100011011
11010111000111
00100101011110
11010010110001
11100011100110
11010001010001
00101010100101
11100100110100
10111011000010
00100000100000
00111001101000
00011010110111
00000101100011
11011101101010
11100001111100
00110001001001
00101101111111
11100111101101
00100000001110
00001000101011
11110001000101
11011110110000
00001011011110
10110111010100
11000001001001
01010000100011
11111101001000
01101001000100
11110110010010
00000110111011
00100100111001
11111000110111
11101011001010
00111001001110
11011101001111
00100000010001
11101011100110
00011101101110
00100001111001
11011110110101
00010101010011
00101001010010
11010101111101
00001110011110
11111110100010
11001110111100
11110101000000
11111001100110
11010100101101
10110001111010
11011011101010
11111111110010
10111011001000
00110010011111
11101000000000
10101101100001
00000100011100
00111011011101
00000010001000
00000110011110
11111110111011
00000110111100
00100011010000
00000111010010
00011110001100
00010100010011
00000101010001
00001011001100
11011000101110
11011010010001
11111111011111
00001110001010
11011100010000
00100000011101
00000100011000
01101101001011
00010000011011
11001011110001
00001111010110
00010011111110
11101011100110
00001001011001
11101000000111
00000000110101
00010000110001
00101111100110
00011110110101
10010110010101
00001011011010
00100001000001
11111111101011
00100010010100
00011110111110
00110100001100
00110001001110
00100110010100
10111101111000
11011000011011
00011011011001
11011001000011
11100111110000
00011011011101
00000000110011
00101010100001
11001010011010
00010011001010
10111110101101
11000110010110
00001011101111
11111010011001
11010010110101
11110100010100
11101000101110
11011100001011
00001001111100
11000100011110
00001100100010
10101111000101
00010101001001
00001101101110
00011110010011
11100100010110
00011011001100
11010101001001
00100011111101
10101011001010
00001011011000
11100010101100
11100001000110
00000110000100
11110010100010
00100110110011
11111011101110
00101000100000
11101101000000
00000010110000
00001111111011
00101100100111
00011000110011
11110100100000
11001001001011
11100100100110
00001101010000
11011000001000
00001011101001
00101100010000
00001001110011
00000110100110
00010000001111
00110000100110
00111001111001
11010111000010
00001000001101
00010111100010
11110101011101
01100011101110
00100010001101
11011110000000
00100000011101
00011011111111
00011110011000
10111011100011
00111101011011
10111111101011
00101100010110
11010011101010
00001111011010
00100110100101
00100000101101
00000001011111
11011011000000
11111011100010
11011111111010
10111101011101
11011011111111
00010111100001
00010110001001
11101111011010
00000010011110
00010010010010
00000111111101
00001010010011
01010011001010
10100101000000
00001101100011
00001011100101
00011010011110
11101000110010
00100011011111
00000110111000
00100001111011
00100110100001
00110100110101
11111101011011
00110100101001
00001001000111
11000110110111
11111010000001
11101011110100
10111010111001
11101111010100
11100111011011
00011100110100
00001101100100
00100011010010
00001011010111
11111010001100
11111100011011
00001011100100
00101110100011
00100000001101
11001001110101
00000100110101
11110111001000
00010110110110
11110100000000
00101101010101
11111000110101
11000101011000
00110111110001
00010001101000
00010110100110
11100100010010
00100001010101
10100110100110
00101011110111
11111111111100
10111111011110
11001110111001
00001000010010
00001000110101
11010111110011
11101101111001
00110111111011
11101101100010
00000001010100
00011111111011
00100011110110
00000101100001
10111111010011
10111110001101
00010001001000
11100010100010
00010110100101
11001000101100
00010010011001
00011001001010
00001111001100
11010111100000
11110010001000
00010001101010
11000000011101
11100011111110
11010100111100
00101000000011
01000101000111
00011100010101
11100010000111
00001001001001
11110111000100
11011101111010
00001101110100
00000100011001
11010010101110
11100100101101
11110100111001
00011010001011
11001110000111
11101000001000
11101100110000
00100111010011
01000110011011
00111001000011
00100100011100
00001101000100
00000010110010
11000100000100
11101111010010
11111111001010
00001001001000
11010111101101
11100101011100
00010110010100
11010000100000
11100001000001
00001010110101
00111101010110
11010101111101
00011001000000
11100000001000
11110011011110
11100111111100
00110010010100
00100010010100
10101011110111
11110001100101
00010110001000
11000001110011
11110111101111
11101111000000
00010011101111
11011101001101
00000011001100
11101011001010
11000111100000
11110000101001
11101101101101
11110100010111
11110011111110
11000000100001
00101011101111
00110100111011
11111010111101
11100010100011
00001000100011
11110000000000
00000010100110
10111001110000
01000011011010
00001101000101
00011100100111
00111111111001
10101101011111
11100010010010
00000111000011
00010101000110
11101001111001
00001011111011
11001110111111
11111000011011
11110011111100
00100110010000
11101010101100
11011011111111
11011100010101
00001011001001
11100010001100
01000000000101
00010110111101
00001100110100
11111001111101
00001100101000
00110101101101
10100110100100
00110011101011
11110000111000
00000000000110
00100011010111
00010111010010
10111111011111
11000011111010
00010110111011
11011011100111
10111110110100
11110001101001
11110000000111
11010001100110
11010011101001
00001011100111
10110011101010
00110100100011
00011010100110
11110101000000
11111111000101
11011011101110
11010110010011
00001110111011
00100100000010
00110011000110
11111010110111
00011000011111
01001110001100
01011010100101
11110001000100
01011001011100
11111001101000
11100011111001
00010110100001
11111101111111
00101110100000
00011010010101
11000010000011
10000110111101
00010101100111
11010111101011
00100100010010
00111111001111
11011000111000
00101000010010
00000110010101
11101000100011
00111110111010
11101011010111
00110001000100
00111111010011
10101100100001
01110101111000
00110110001101
00101001111110
11100001010110
11110101101101
11001001001011
11001101010110
11011100001111
00010111100011
01001001101001
00110101111000
11101100011000
10101000111111
00001001011110
11100010100111
10111000111001
00010001111010
00010111001111
00100010001111
11110101010111
11101111010100
11110111110010
11111001000010
00001000101100
01000011010100
00000100110010
00011010000000
01010011001000
11110010011100
00011101001011
00001011110000
11011110000100
10011010101111
10100000111011
11110010001010
11100111100101
11101111101100
11000111011011
00001001000101
00001000010100
11100011001111
00011110010010
10111110010101
11010101110001
11110101111100
11001100000111
00110001010010
00111011101111
00001001011011
11000111111000
00011010010101
10011001110101
11101010101000
01111111111111
00010001100011
11010010000011
00100011011100
11110100101011
00101001011000
11110001011011
00110101101000
00101000010100
00001000100011
11110100000011
00001010001110
11111000011000
11111100110110
00011011111110
11100000001011
11011111111111
11111111101101
11100010111101
11000100011011
00100010110010
11110101011000
11000001011001
11110000001111
11111010010000
10100010101110
11001001110000
10110111011100
00101100010011
11111010010101
00101100011110
00010110010110
00010011001000
11100100110110
00001011011001
11001010101111
11100011000100
11100101011111
00000111111100
10111000010001
11001000100011
00000111111010
00111010101110
00001110101001
11101110010100
11111110000100
00000011000111
01001110010000
11111101000110
00100101100001
11111100110100
11011111111111
00001100010111
00101010000010
10111101011111
11010100011010
11111000010110
00010010100001
11011011000100
11100110000010
00011000111001
11001010101001
00101001111000
00100010100000
11100110010101
00011010011000
00110011101110
00001100100101
00100010010111
00000101001001
00000000101010
11111101000110
11011000010001
11100010001001
11111110110001
00100111100000
11101000000100
00111011000001
11011111011111
00011001110010
11001011101010
11011101010101
11101101000011
00001000111001
01001010110010
00000100011001
11101111100100
00010100011100
11010000000101
11111100001010
00010001110100
11110100001011
11111001010010
00000111001011
00010000110101
01000011000011
01001111110100
00011011110111
11001001011001
00001110100001
11101001010110
11010110010001
00011011110111
00010011010110
11111000010000
11110000111001
11011100100101
10110110011101
10111110111100
11010001000110
11101111011010
00000111000000
00001001001011
11001110011010
00011011111110
00010001000100
00111010001001
11101011100111
11111111101111
11101011000000
00011100101100
00101011100000
00010100000000
01101110110001
11111001100110
00010001001010
10110001011010
11101010001011
10110100100010
11111011101100
11001011011010
11100101001000
11011011111100
11111001110100
00100101110111
00111101111101
00010001001001
11101001100110
00000111001011
11100001001011
11011010010011
11000111110000
10110011110101
11111101011001
00011010110111
00001000001111
11111111101011
00000000110011
11101001101100
01001011011000
11110111001101
11000111011110
11110011111010
11101001001111
11111011001001
11110000011010
11011110010001
10111010100011
11101110000010
11000010001001
11111100001011
00100100010010
01011110101101
00010100110001
00010000011010
00101010000100
00010001001001
00110011110000
11111000100100
00000101001110
11100101101110
11100001101010
11101000001110
00100000011110
00000010110010
10110110101110
01001001000010
00011010001001
11000010010001
11110001000001
00001000010011
11100001011010
11111011110000
00001101100010
00101001010011
11000111110111
11010110110100
11100110010010
00000110110101
00110101110000
01001101011000
00011101101000
00100000011101
11111010010011
11111100000001
11100000000010
00010011101110
00110001011101
00110011110011
11110100111000
00001000101011
00011001001101
11101010000101
00001001001011
00001110001101
00010100110101
11100111011001
00110101110010
00100110111110
10100000111110
11010100010110
11110010111111
10101111100101
00111110101010
00001001010101
00011001110101
11010010110111
00000111111000
01000011110100
00011101000001
00011111101011
00011000000111
11111101101011
11010011101100
01010101101100
11001001111100
00010010010001
00001111101000
01010010110110
11110011000101
00111010101011
11101011111011
00001000011000
00011110001011
11011010000111
00011000100000
01000110010111
00000011100011
01100111101111
11100101000000
01101111011000
11111111010101
00001010110111
11011011011110
10110010000001
11110011010100
00010111100001
00100001001000
10111101000100
10110011001011
11101110100011
00000001110011
01100000100101
11110011100111
00000111100000
00100101111000
11101010111111
11010011011011
11000000010111
00101110111101
00010011011001
01000001110001
11101101110110
00101000010100
01010001111010
00011000000100
00000000101110
10111111101001
00110001100000
00011011010100
11100000110011
00010101001110
01010101010011
00001110001010
00001001010001
00110011011110
11111111011110
11001010101110
11101001110001
00011110001101
11011011100100
00110110110100
00001001110100
00000100110000
00001111011000
11111101001101
11101000111001
00010010110000
00110011111100
01000001010101
11100011111010
00100000010001
11010110111100
00110011101111
00000000100110
00001000101111
01000100011110
10101100111011
00000100100001
11010100100101
11000001101110
00011001011110
11101111110101
11101111111000
00000011010111
11101110100111
11101001100001
00100011000110
11011111011100
11110101101011
00010011101110
11011111111011
11111111101011
00011001000101
00000110001011
01100111001001
11001011110011
00101000111010
00011111000101
11011110101011
11101000100100
00000010101000
11111111100000
11111100111011
11000001101110
01000100000011
11101101010000
00000011110010
00001011011110
00100100101111
00010100011001
00001001110100
11001000000010
00100110110000
00111111101100
11000110100010
11000010101100
11111101000001
00000011010000
11011110010011
11101001011100
11111110111000
11001110010011
00011101010011
00000010011000
00000101111101
00111111110010
11100000111100
00111101111101
00101010001010
11111001010110
00001100100100
00111000101111
00001101000101
00010011000001
00001111111100
11111101000110
00110100100011
00100111000110
01000100110101
11101111100001
00010110100101
00011101100100
00001000110011
00110100011110
00011001001001
11010011101110
11101110001001
11100010111111
00001110001010
11101011110000
10101011111011
11100101011100
00111001111101
11110010110100
01101011111110
10111110101010
11101010100100
00010101111000
00111011101010
11101101110100
11101100001010
00110001010111
00000001101001
00011101111010
00110001001100
00001100001100
00101011000101
00011110100101
11001011010001
11101011101010
00010110001100
10110001110001
11100001100111
10011110010101
11100101101010
11111011011010
00001100000000
11101000101010
10000101001010
00111101111111
11101111101110
00111001000101
11001001111011
00100100001000
00010101101001
11101101011011
01100001001000
01010000110000
00011111110111
00000001001111
00010101100111
00011011010101
11101000011011
11110101100100
00111100101000
00101000010000
00001100001000
11011111010110
11101100011000
00100010101011
00001110011011
11111100110010
00011101111100
10111000011001
00110000011111
11111101100101
11110000010100
00011000010111
00011001101110
00101000110000
00100101010110
00110001000110
11110110000010
11100011101110
11101000010001
11110101100001
00110001101011
11000010000110
11110000100011
00001011000000
00100001000001
11011000110111
11111011110101
00000101000111
00000010100000
00001110110110
11111011110110
11100100001010
11110000100011
00000000101001
00110110101110
00010000101010
00000010110000
00001011110000
00010010111001
01000111010000
00001010011010
00111100011000
00001100101011
00100000000111
00010111001110
01000111000101
11011010100001
11011011010111
00001111000010
00100100010111
00000110001011
11110111111011
00111011100000
11100111001010
00100000010111
01001101000101
00001111110101
11011101100101
01100001001100
11011110011010
00001011001101
00100000110010
00110001000100
11111101011101
00011001110010
10111001001110
00000010011000
11100001101000
10111100011011
00101100000111
00111010011101
00001001011100
11010100001000
01100000100001
11101111111100
00100100100010
11111010100100
00110100100001
00001100111000
11101100111101
00000011000011
11111011110011
00111000101000
00011100010011
00001110101101
11100111111010
11011101111101
00011010001100
00111010110000
11011111100111
11001101000000
01000100110101
00000100000101
11011111111101
11001110000001
00110001011110
00111101000101
01000111000001
00011001001110
00000011010101
01010101100010
00110010100000
10111010000010
11111111011011
01100010101001
11100101010001
00001010011001
11110001001000
00110100101100
11100101111010
00000010011111
11100010100110
11111000110101
00101011010110
00000101011110
11111111011000
11011010100000
11000100111100
00001110011110
00010011000110
00001100110111
10110100111110
00011011001101
00001001010101
00110001100010
00000101000001
00000111001100
11100111110100
11010110100100
11110100001101
00111010001100
01001000000010
11001010101101
00001111011110
11111111000110
00000100011011
00100000011111
11010111101011
11010111110111
00001011010100
00001011100101
11110110000111
11110111010000
00100011111011
11100110010101
11111000110010
00011100101100
00001100000011
00111101111010
11111110001111
11111110110100
11110000101111
11101001110111
00100101010001
11001011011011
11110011111101
10011000000111
00011111001011
00011000000110
00100101101011
11010111000101
11111101010011
00000011010001
10111001011001
10111000110100
11100101100111
00110110000000
01010101011000
00000110101011
10111011110111
00001011000011
00001111110001
11111100000100
00000111000011
10110110100011
11000011111110
00100000101111
11110110101000
10111110110011
11110011010011
11100000001011
00011011100111
11111110010101
00001100111101
00010100001111
11010110111001
00000011111110
11111011010110
00011011100011
01001011010001
00001101000000
11111100001100
00000001010000
11100111011110
10111010110100
00010011001001
11101110000111
00001111011101
00000010000111
11101100100101
00001001110001
00011100101101
00000110001001
00000101010110
11010111110010
00110100001110
00101111111011
10011001000000
10101100101000
00001111011100
11011101100110
11001110110100
01101001100100
11011011110111
11001111000111
00001100000111
11100010110101
11010010010011
11000111100010
11101000010110
00010100101111
11000100010110
11111100100010
11111111100000
11110010001011
00100111011011
00011001101101
01110100101100
11001110000111
00000110010010
00011111100001
11101000111100
00010101000110
01000010110100
00011111111110
00100011010100
11110111000011
00001011111000
11101011001011
11111001110011
11111100000100
00100111110110
00010001010111
11111110111110
11110000110100
11110110010100
11010001011100
00011110001111
00101110100010
11010111000110
01000100000000
11101100010000
00000110111010
00001110001010
11110110001010
11111010001011
11010001010010
11111111001000
00011000101101
01001010100100
00000011010001
01000000010001
11110000110010
11001100000100
11100011000100
11101001011011
00011000110110
11001010101000
11111011000101
11010011111011
10010001111110
00001010000101
11011101101101
00101101011000
11110100000110
00101110001000
00101001110100
01010101000000
11100101110011
11010010010110
00100101111011
11101111110101
11110000101001
00010011010001
00010001101111
00001111001111
00101100000011
00100010001111
11010000111010
00010000000100
11101000101010
11011000110111
00000100100110
00000010101111
11101010110101
00010101101000
00011011010000
00010101100001
11101011100111
11001011001010
11100111100110
11101001011010
00000011011100
00011011101001
01010101010001
11111111111001
11111100011011
11110101110100
11011101000100
00010000111010
11111010101011
00010101100100
00100010111110
11001110000001
00100010101101
11011111110110
11100001111011
11100010001100
11110011101000
11000011001100
00100001000010
11100111100000
00100110010111
01001110110110
00001011110010
11110000010100
00010111000001
11010010011001
00000010011100
00000000100000
11111001010010
11100100100010
11011000011010
11111110000001
00011100110000
11110100101100
11000111000011
00010010011100
00101011101000
11010110010001
10001110011001
00100111110110
00000011000100
10110101011010
11100111011111
00101110101111
11101001000001
11110101011011
00000000001100
11111110011011
11101011110011
11010001101111
00011100011001
00011101000110
00100010101001
01100001001011
00000100011010
00000001000100
00100110110010
11111111110011
00111000010101
01000110010000
00100011011000
00101101100110
00010000000111
00000111101001
11100100010010
00000000011100
11010011110100
01001100010000
11111001011001
11100010101111
11011000011010
00100011101111
00010001111010
00100011100010
00101010111001
11111011110100
00111101110110
00000110110010
00100000001000
10111011000111
00000110111101
11101100101010
11100010110001
10101010110011
10110111101010
11111101111010
11111100100011
11010000011101
11100001110111
00100101110111
11111000101101
11111101010111
00100100001011
00111010010010
11010011010101
01001000011110
00000110000010
11110100101100
01000001111100
00011010101000
11110010001010
11110101011101
11100110010000
11011011110100
00011100101001
11111111101101
10001111100001
11111010000010
00010111000101
00011110000110
11111001010101
11101000110000
00001110100111
11101010000100
00010111001000
10110001110110
00010100110111
00111111111111
00011101010010
00010110001101
11011111100000
11101010011101
00110100010001
11101100101110
10111001111110
11011010111110
00100100110111
00000001101001
00010000100010
00010111111000
01001100111010
00011100100010
10100011100110
00110111001011
00110111100101
11101101110111
11100110111001
00101000111001
11101100011101
11101111111011
00110111111100
00001011001110
01001011001011
11100000000011
11101001100110
01000100010011
11100110001111
11000111001010
11100001110011
00000110010011
00001111001000
00000111001001
11100111111010
;