    2549
   -1971
   -1819
     -34
    2259
   -1027
    -219
    1788
   -2651
    3100
      66
   -3653
    -895
     -51
      10
   -1316
    1279
     947
    -827
    1157
    3783
   -1155
    1127
    1445
    1084
    1982
   -2424
   -1110
   -3159
    4935
     531
    3029
   -1089
     472
   -3678
   -1521
   -1246
    1257
     -12
     661
    -788
    -486
     -57
    1239
    1046
     664
    -410
    -182
   -2908
   -1559
   -3822
    -537
   -1763
   -1648
   -2685
    4876
   -1177
   -2643
    1871
    -568
    1235
    -584
    -660
   -1364
   -2214
   -1827
   -2274
   -3256
    3462
    2987
   -2596
    2046
     214
    1138
     806
    -234
    2271
   -1016
    -876
   -2539
    1867
    3196
    2765
     -62
    2715
    1925
    1075
   -2200
   -3559
    -714
     700
    1847
    -262
    2686
    2514
    2122
    -644
     241
   -2720
   -3975
    2164
    -592
   -2898
   -2085
     482
    -399
     105
   -3156
   -1387
    -868
    1333
    -887
    2152
     -22
    -484
       2
     935
    3805
   -1926
    -479
   -1942
     727
    -681
    1288
   -3419
    -378
     686
   -2459
   -1025
    3465
    1320
      99
      67
    -314
   -3231
   -3551
     431
    -732
     -32
     360
    -541
   -2158
   -1805
   -1927
   -2572
     627
   -1939
    -930
   -1650
   -4155
   -3154
     505
    3225
     682
    1519
     973
    -320
    2175
   -1525
   -2072
     856
     403
     992
   -1631
   -3547
     378
   -2772
    4007
    -119
    -255
    -624
    2699
    1868
     988
    -338
   -2276
     -29
   -1534
   -1576
   -2234
   -1104
     221
     835
   -1343
    -620
   -2944
     402
   -1101
    3280
    4387
     580
    -745
   -1875
   -1010
    2008
   -3570
    -838
    1448
   -1538
    1596
    2589
    -841
   -1298
   -3749
    -169
    3272
     992
    2799
    1719
    -370
   -3602
   -5735
   -2111
    -325
   -2008
     867
     772
     386
   -4215
    -903
    1120
    2423
    1220
     913
    1529
    -917
    -765
    1737
     231
     250
    -476
     787
    2750
   -1388
   -2719
   -1163
    1256
   -1091
    -102
   -1188
   -6687
   -1561
    3687
    1443
     970
   -3298
    3732
    1115
   -3197
   -3208
   -3247
    2810
    -676
    3271
    1701
    -191
    1868
    -956
   -2412
    3369
    1681
    4320
    3782
    -330
     353
    -577
    1694
     248
     609
    -350
     740
    1968
    -243
   -1579
   -2532
   -1066
    -218
    1117
     694
    4572
   -2950
     783
   -3209
    4216
   -2461
   -2155
   -1078
   -3212
     -11
     888
    1464
    2625
   -4497
    3633
   -3967
    -882
    1255
     330
    1909
   -3598
   -1265
    -327
   -1321
   -2431
    -417
   -3496
   -2007
    -352
   -3660
    2267
   -3309
    -199
    1351
    -352
    -290
    2367
    -294
   -2715
    2914
   -1017
    4790
    1066
     492
    4743
    2577
    1259
   -1686
    2650
     279
    2273
     704
    -153
    1193
   -2486
    1268
    -288
   -3434
    -579
    1101
    -419
   -4342
    1980
   -3064
   -2750
    -979
   -3956
    -987
     352
    -615
    2066
     634
   -2035
    1101
   -1449
    2891
     899
    3792
    -966
   -1731
    2395
   -2420
    4080
     -73
    -739
     -39
    1807
    -783
   -1268
   -1882
   -2478
   -3188
    2419
    -278
    3040
   -4872
    1854
    5151
    1421
   -1561
    -939
    2186
    -470
    -154
    -850
   -1051
    2515
    1445
    1416
   -2736
   -1288
    -358
   -3800
    1894
     609
    1117
     611
    1310
   -1521
    1459
     -55
    2265
   -1700
     182
     -25
     814
   -1923
   -1067
    -733
   -3883
    2202
    -343
    1040
    -516
    1530
    2495
    -333
   -3379
    -194
    3466
     293
    1515
    2325
     231
   -1758
     436
   -3039
    -292
    3016
     952
    -140
   -1724
     975
     115
   -1773
    1193
    2353
    1418
    2937
     246
   -1481
    -799
   -3350
    4310
     -27
    2123
    2184
    6414
    1373
    3104
    1317
   -1865
    1083
    -290
   -1198
     245
    -265
   -1018
    2881
    -995
   -1434
    -852
    -923
     890
    1502
     973
   -1175
      29
   -1475
      12
   -3163
    3183
   -5866
    4954
    -225
    1320
    1799
    2769
   -3341
   -2777
    -879
    2592
    1697
    2326
    2040
    5441
    -145
    2302
   -1031
   -2434
   -2372
   -2000
    -356
   -3494
    -462
    -561
     350
     284
   -3899
     -23
   -2587
    -181
    3085
    2607
    1181
    4630
   -1209
      -9
    2715
   -3439
     572
     868
    4718
    -962
    -251
   -3369
    2142
    3779
   -1486
   -2483
     887
   -1771
    2468
   -1960
   -1747
    1589
     833
    -911
   -2355
   -1711
    -680
   -1942
   -3874
    5748
    6008
    1371
    -821
   -1094
   -1416
     615
     710
    2929
    -278
   -2829
     739
     646
   -3230
    1877
    -635
     -79
   -1813
    4506
   -2340
    -158
   -1167
   -1051
   -1148
    2886
   -1418
    -853
    -601
    2991
    1966
    2955
    2303
     848
    4689
   -1105
    1451
    1384
   -1221
    -468
    -155
   -3195
   -4650
   -4174
   -2232
    -782
   -4976
     368
    -894
   -2783
    2041
    -503
    1265
     841
   -2498
     336
    -283
    2054
    2905
      -6
   -5799
    -382
    5851
    4020
     632
     -38
     499
    -847
    1480
   -2341
    -746
    -243
    2681
     626
   -1609
    2243
   -3601
    -873
    1591
    1988
    2256
   -2156
     512
   -1297
    2810
     780
     378
    -821
    -479
     -90
    -100
    1546
    -872
   -3208
     313
    7045
     506
    -992
     180
   -1092
   -1053
     973
   -3342
    5830
     -23
   -1439
    1322
    -793
    -477
    -666
      22
    -735
     877
   -3322
    3837
    -137
     193
    -520
     786
    -502
   -3221
    -810
    1620
   -2933
    5395
    -637
    1816
   -2147
    -230
    1012
   -2810
    2343
    -655
    6528
    -793
    1010
   -4636
    -227
    3594
     996
    -509
    2467
      60
    1391
   -1482
    1590
    2246
      75
   -1788
    -926
     253
     125
    1423
   -2158
   -3863
    3168
    2413
    5953
     563
    1767
    3289
    1783
   -1705
    3782
    2657
    -842
   -4709
    1704
   -4101
     460
   -1887
    3695
    1761
     156
    1816
    5011
   -1618
    -579
    2529
    2914
     756
     618
     -65
      23
    2108
   -1172
    -688
   -3226
    3026
    1705
    1801
     489
    -306
    -799
    1067
   -1407
   -3158
    1219
     493
    2526
    2623
    3190
     413
   -2953
     212
    3421
    2175
     571
   -1804
   -3536
   -1809
    1079
   -1326
     687
    1730
    1523
     723
   -2072
     640
   -1028
    -532
     453
   -1222
   -1102
    -939
   -4176
   -6175
    2193
   -2460
    1738
    3339
   -3741
    1938
   -2568
    4358
    4234
     654
    2695
    1115
    1217
    -585
    -157
    1249
    2190
    2736
    2294
   -2217
    -311
    -654
   -2220
   -1597
   -2056
    1248
   -3757
   -4346
    1325
   -2370
   -1066
   -3575
     174
   -1308
    2679
    1265
    2251
   -2732
    -986
    -821
    2232
    -804
    1661
   -2102
    2640
   -2999
    2709
     633
   -1722
      23
   -1304
    3370
    1253
   -1026
    1074
    -693
   -1475
    2966
     -53
    2750
    1832
    1002
    1524
    1664
   -1109
    -930
     307
    -978
    2349
   -4755
     830
    2449
    3877
   -1853
    1427
      84
    -890
   -1986
   -4181
    2210
    1739
   -2513
    3340
     494
    -917
    -567
     281
    1126
    -237
    1738
    1422
   -2891
   -4096
    2128
    1423
      38
    4222
   -2787
    1416
   -1924
    -411
    1895
   -2276
    1449
   -1253
    1816
    -299
   -4587
    2268
    4482
   -1288
    3813
    1616
    5440
    1998
    1053
    -564
    1489
    3068
     791
    1599
   -4484
   -3598
   -4748
    -521
   -2268
    1285
   -1242
   -1916
    1435
   -1143
   -2028
    2046
    -684
     634
   -1147
      82
   -5043
   -2412
    4258
   -2379
      95
    1642
    1928
   -1094
   -1704
   -3565
    2302
     754
   -2641
   -5667
    -914
     385
   -2926
      28
    3973
    -737
    3318
   -1170
    1845
    -640
   -1061
    -175
   -1085
   -1282
     763
     174
    2570
   -2666
   -1878
   -1462
   -3140
     476
    -808
   -1764
    3136
    1076
    2870
     312
    -884
     483
    2885
    2922
    -689
     123
   -3274
   -1623
   -2525
   -1582
    -178
    1907
   -3983
    -201
    -417
    1606
   -2107
   -1667
     705
    2123
    1577
    4013
    -832
   -1906
    5352
   -1240
   -1305
    -728
    1992
    -242
    1681
   -2708
   -2585
   -1174
     874
   -5237
   -7369
     131
   -2968
    3666
    1547
   -1246
   -3330
     332
    -944
    5442
     -44
     725
    3900
    2298
   -1434
     605
     -11
   -3789
    1765
    -588
    -303
   -4032
   -4052
    -503
   -1343
    3932
    3563
   -3060
   -3489
     -42
    -220
   -2658
     369
    -296
    3933
   -1161
   -1245
    -983
    -544
     353
   -1736
     628
    -617
    1219
    -289
    2459
    -620
    4785
    3985
    1579
   -2020
   -3171
    -272
    -880
    1613
     598
    2685
    4635
    1470
    -365
   -3869
   -2402
   -2817
   -1620
    -819
    1914
    -970
    1016
   -1500
    1248
   -1938
   -4093
      30
    1338
     147
   -1924
    -734
   -1107
     552
    -146
   -2939
   -1545
    3844
    -830
    -918
   -2026
   -1146
    3415
    4354
    1205
   -2154
   -2437
   -2364
    2068
   -1946
    1875
     800
    1705
    2027
   -3722
     175
    4568
   -3214
    1386
    3257
    2282
    5330
    1252
   -2507
    1684
    1895
   -1504
     333
   -1487
    -519
   -2320
    1999
   -1357
   -1726
   -2648
   -2022
     740
     904
     693
    3114
   -1755
    1410
    -717
     478
    -937
     394
     398
   -5082
    1709
    -382
    -727
    -446
     278
    1473
   -2832
    2811
   -5564
    1273
   -1448
    1720
   -1637
    1134
    -179
    2085
    1954
    3557
      54
    -974
   -4236
    2672
    2430
    4428
   -1524
    -455
   -1911
    2077
   -1626
    2384
   -3385
    1655
     799
   -1220
   -3678
   -1304
    5688
   -2928
   -1655
    2430
     800
   -1642
    1652
     328
   -1114
     186
   -1319
      84
    -568
    1151
   -1331
    2674
    1084
     595
    -400
    4993
      64
    1899
     408
    2331
   -2307
    -796
   -2721
    1945
    1282
    -648
   -2865
   -2634
   -2029
     680
   -5013
    2859
     788
    1583
     989
      68
   -3542
     940
   -2857
     798
    4510
   -1803
     949
   -1281
   -1276
    7364
   -1847
   -3375
    3078
    5101
     221
    1254
    -700
     958
     -57
     531
    1641
     780
   -1270
     113
    1452
   -1749
   -2361
    -154
    1998
      58
    -312
   -2347
    -674
    1190
   -3821
   -1880
    3142
    2330
   -1971
    -984
    3648
   -1943
    5090
     988
    1975
      85
    -523
    -591
    -139
    -125
     804
    -584
    2868
     420
   -1270
     398
    3650
    -936
   -1621
    3427
    1362
    -427
    -152
    1173
    1018
    2182
     354
    2115
    5137
    1769
   -4143
     362
   -2327
   -2012
   -2940
    2268
    -492
    -921
     640
     444
     -62
    1538
   -2500
    -451
   -2004
    -847
    3001
    -667
   -3403
    -298
    -925
   -3107
     275
   -2793
   -4829
   -2649
   -2847
     619
   -2200
     419
    2523
    -772
    1037
    -731
      84
     565
      83
   -1166
    -841
    1240
     702
     778
   -3308
    -575
    3261
    2900
    2859
   -1220
   -1876
   -4398
   -2140
    3883
    1222
    2100
   -3581
   -2570
     768
    2227
    -839
   -1988
     574
    1827
    1809
    1939
    2907
    1746
    -969
   -2735
    2485
     725
   -4209
   -2027
   -4798
   -2731
     451
    2737
   -4739
   -1782
   -1893
    3485
     383
    2752
     859
   -2075
    4759
    -425
    1672
   -4051
    1399
    -640
     327
   -1377
   -1000
   -1975
   -2180
    5228
    3313
   -2786
    3768
    1576
    2708
   -1846
    2014
    -578
    -558
     105
    4100
    -400
    1798
   -1980
    -888
    1415
    -625
     317
    2199
   -2222
    2812
    2924
     562
   -1741
    2657
   -1651
   -2100
     653
    2260
     -88
    -903
   -2377
   -1246
    -697
   -3231
    4021
    -239
    2012
   -3524
    -167
    1315
   -5217
    3068
   -3538
    -517
    2044
   -1979
    3303
    2898
     620
   -4055
   -1216
    1753
    1786
   -2489
   -3172
    -945
      93
     190
   -2520
     261
    2029
     846
    -670
    5498
     930
   -1115
     819
   -4112
   -1885
   -1230
    2562
    2303
    1718
     252
   -3720
     825
   -1586
   -2576
   -2690
     834
    -503
    4839
     -25
    1223
   -1294
     -43
   -2068
   -3948
   -1718
    1747
    2114
     -53
     468
     226
   -4093
   -1692
   -7942
    2441
    3158
   -1739
    1190
    1671
    4968
    3009
   -1860
    2001
    3064
    -678
   -1850
    2664
   -2087
    -102
   -3117
   -2311
   -3048
    -603
    2481
    1397
      91
    1534
     109
     983
    -273
    2502
    -909
    1938
   -1366
   -2531
    1341
    6251
    2452
    -599
     118
     819
     949
   -6132
    1172
    3567
     -80
   -1817
    4345
     -94
     515
    1407
     631
    1038
   -2362
    -338
   -2620
    -942
   -1047
     683
    2806
   -1316
   -2845
     886
   -5438
    1484
   -3006
    1697
   -3150
     130
    -165
     -29
     710
    2214
    3699
   -3420
    1018
     284
    1107
   -1035
   -1480
    2346
   -1471
    3289
    2645
     556
    2404
   -1677
    2477
   -1291
   -3114
   -2273
     402
    -714
   -1100
   -1714
     218
    -535
    2071
    1812
    3722
    -605
   -1408
    1480
     389
    -159
     432
     676
    -717
     928
     243
   -2428
    1920
   -2763
   -2989
    4033
    -278
    2623
   -2598
     886
    1314
   -3412
   -1665
   -4125
     322
     145
    1337
   -3078
   -2100
   -1433
    -224
    -237
     -14
   -2720
     917
    1403
    6697
     526
   -1647
    2216
   -1585
    1556
   -3032
     402
    2040
    -620
   -2247
   -1828
    1359
     319
   -2860
   -1632
   -1731
    -429
    2091
    5115
    1476
   -1094
    1515
   -1976
   -2116
    7515
    3238
    -507
    -336
     404
    -161
    2365
   -3149
   -3969
    2734
   -2575
    2416
    1705
   -2669
     937
    2571
   -4257
   -1883
    1953
    2505
    1733
    -353
     151
     662
    -459
   -1306
   -3180
   -2668
   -2059
   -1632
    2113
   -3450
    -526
   -1639
    3951
   -4256
    1981
   -2100
    -774
   -3325
    -567
    1728
   -1401
     373
   -3326
     173
    1703
   -1926
   -2767
   -1924
    1455
    1969
   -1684
   -1539
    1270
   -5777
     839
    2856
    8191
     219
   -3415
   -2939
   -3718
    -981
   -1176
   -1205
   -2349
    1930
    3326
    -165
     640
     201
    1787
     718
    3371
   -4748
   -3047
   -3556
    1568
   -1437
   -1527
    1358
   -2499
   -3009
    1482
     405
    3708
    2278
    3084
    -378
   -1882
    -318
     517
   -3808
    2057
   -3995
    2789
   -3337
   -1292
     787
   -3951
   -1873
    -236
    -157
    4720
    1939
    -635
    -320
    1732
    2644
    2592
   -1528
    1664
   -3612
   -1291
     598
   -1058
    2532
   -1336
   -1723
    1722
    2438
   -3637
   -1629
      82
    1945
   -3044
   -1718
    4335
     707
    3697
   -4138
    2686
   -1735
      49
   -3330
    1000
   -6121
    -826
    3418
   -1504
    1610
     343
    1408
   -2744
   -2253
     648
     561
    1469
     334
    5088
    -758
    3030
    1920
    1129
     927
    1088
    1020
     612
    -328
     583
    2871
   -4103
   -1684
    1250
   -5128
    1649
    -914
    1898
   -2512
     289
    -193
      30
    2681
    1610
     764
     242
    -518
    -513
    1525
   -1560
    1808
   -6617
   -3709
    -211
   -4136
   -3132
     679
    5648
     616
    1265
   -1841
     -51
   -1121
   -1334
   -1547
    2264
   -1614
     337
    3764
    4399
     380
    1356
   -1115
    -593
    3166
   -2044
    2269
   -1190
    3134
    -825
   -3167
   -1644
    -617
     595
    5428
   -1355
     -71
   -4715
    -211
   -2359
     109
    3201
    3625
    1049
   -1247
    3607
   -2298
    3057
   -1708
     869
   -1088
     178
     388
     398
    2222
    5431
      17
    2195
   -2446
   -1167
     156
     986
   -1868
   -1136
    1855
    1433
   -1194
     743
   -1265
   -1610
     773
   -2798
   -3050
    1044
    1241
    3324
    5661
   -2828
     202
    -501
     387
    2633
   -1623
    -781
   -1401
   -2376
    1188
     388
    1569
   -1894
    1823
    4224
   -1464
   -2099
    2484
   -2365
    2332
    -155
      91
    -580
    -348
     391
    1144
     -95
    3228
    1751
   -1255
    -444
   -1575
    1509
   -2298
   -3117
   -1178
   -2060
    1211
   -4090
    2230
     346
      93
   -3984
      -3
   -1230
     445
     848
    1681
   -4185
     284
   -1642
     880
    -158
   -1549
    -174
    1603
    -111
    2173
   -1119
   -1815
   -1194
    2688
     468
    1046
     192
    1101
   -2235
     443
    4888
   -1740
     774
    3848
   -1594
    1371
   -1559
     837
    1563
     620
     -42
    -594
   -1169
     838
   -1569
    1142
   -5129
    1580
   -5294
    3560
   -2075
    3055
   -1827
    1766
     338
    1120
    -760
    -928
    2448
    1416
    -291
   -4253
   -1225
    -757
     217
    1502
    1606
    -796
    -604
   -3484
     910
    3000
     752
    2596
    4911
   -1442
    2133
    1345
   -1465
    1415
     232
     632
   -3633
    3729
   -1618
    -402
    2685
    1690
    4972
    2432
     674
     222
    3456
    2955
   -3595
    3281
   -5179
    -194
    -536
     650
   -1887
   -3332
    -338
;