_C_26d5_5de0e614_1b 84 0 40 0 0 1 0 0 
_C_26d5_5de0e614_1c 94 0 40 0 0 1 0 0 
_C_26d5_5de0e614_13 8c 0 190 0 0 7e7e7e7e 0 7e7e7e7e 0 23237e7e 0 23232323 0 20202020 0 20202023 0 20232020 0 23202020 0 20202020 0 23202020 0 7e7e7e7e 0 7e7e7e7e 0 7e7e 
_C_26d5_5de0e614_17 8c 0 48 0 0 64617461 0 6e73742e 0 69 
_C_26d5_5de0e614_1 c4 0 20 0 0 0 
_C_38ef_5de0f396_3 8c 0 78 0 0 30782578 0 61203d20 0 5f646174 0 726571 
_C_26d5_5de0e614_11 8c 0 190 0 0 7e7e7e7e 0 7e7e7e7e 0 20207e7e 0 23202020 0 20202020 0 20202023 0 23232020 0 23232323 0 20202020 0 23202020 0 7e7e7e7e 0 7e7e7e7e 0 7e7e 
_C_26d5_5de0e614_10 8c 0 190 0 0 7e7e7e7e 0 7e7e7e7e 0 20207e7e 0 23202020 0 20202020 0 20202023 0 20232020 0 23202020 0 23202020 0 23232323 0 7e7e7e7e 0 7e7e7e7e 0 7e7e 
_C_26d5_5de0e614_18 8c 0 40 0 0 66736462 0 746f702e 
_C_26d5_5de0e614_c 8c 0 190 0 0 7e7e7e7e 0 7e7e7e7e 0 7e7e7e7e 0 7e7e7e7e 0 7e7e7e7e 0 41494c20 0 53545f46 0 7e205445 0 7e7e7e7e 0 7e7e7e7e 0 7e7e7e7e 0 7e7e7e7e 0 7e7e 
_C_26d5_5de0e614_8 8c 0 188 0 0 7e7e7e7e 0 7e7e7e7e 0 2323207e 0 20202323 0 23232020 0 20202323 0 20202320 0 20232020 0 20202320 0 20232020 0 7e7e7e7e 0 7e7e7e7e 0 7e 
_C_26d5_5de0e614_7 8c 0 188 0 0 7e7e7e7e 0 7e7e7e7e 0 2020207e 0 20232020 0 20202020 0 20232020 0 20232020 0 20202320 0 20202320 0 20232020 0 7e7e7e7e 0 7e7e7e7e 0 7e 
_C_26d5_5de0e614_12 8c 0 190 0 0 7e7e7e7e 0 7e7e7e7e 0 20207e7e 0 23202020 0 20202020 0 20202023 0 20232020 0 23202020 0 20202020 0 23202020 0 7e7e7e7e 0 7e7e7e7e 0 7e7e 
_C_26d5_5de0e614_f 8c 0 190 0 0 7e7e7e7e 0 7e7e7e7e 0 20207e7e 0 23202020 0 20202020 0 20202023 0 23202020 0 20232020 0 20202020 0 23202020 0 7e7e7e7e 0 7e7e7e7e 0 7e7e 
_C_38ef_5de0f396_5 8c 0 80 0 0 30782578 0 67203d20 0 745f7265 0 73686966 
_C_26d5_5de0e614_14 8c 0 90 0 0 20253264 0 756d203d 0 6573746e 0 696c2074 0 6661 
_C_38ef_5de0f396_4 8c 0 78 0 0 30782578 0 73203d20 0 74617475 0 646d73 
_C_26d5_5de0e614_1e 80 0 1 0 1 
_C_26d5_5de0e614_15 8c 0 58 0 0 30782578 0 64203d20 0 782532 
_C_26d5_5de0e614_1a 84 0 10 0 0 0 
_C_26d5_5de0e614_19 84 0 18 0 0 0 
_C_26d5_5de0e614_e 8c 0 190 0 0 7e7e7e7e 0 7e7e7e7e 0 20207e7e 0 23202020 0 20202020 0 20202023 0 20202020 0 20202323 0 23232020 0 23232323 0 7e7e7e7e 0 7e7e7e7e 0 7e7e 
_C_26d5_5de0e614_b 8c 0 188 0 0 7e7e7e7e 0 7e7e7e7e 0 2323207e 0 20202323 0 23232020 0 20202323 0 20202320 0 20232020 0 20202020 0 20232020 0 7e7e7e7e 0 7e7e7e7e 0 7e 
_C_26d5_5de0e614_a 8c 0 188 0 0 7e7e7e7e 0 7e7e7e7e 0 2020237e 0 20232020 0 20202320 0 20232020 0 20202320 0 20232020 0 20202020 0 20232020 0 7e7e7e7e 0 7e7e7e7e 0 7e 
_C_26d5_5de0e614_9 8c 0 188 0 0 7e7e7e7e 0 7e7e7e7e 0 2020237e 0 20202020 0 20202320 0 20202020 0 23232320 0 20232323 0 23232020 0 20232323 0 7e7e7e7e 0 7e7e7e7e 0 7e 
_C_26d5_5de0e614_6 8c 0 188 0 0 7e7e7e7e 0 7e7e7e7e 0 2323207e 0 20202323 0 23232020 0 20202323 0 23202020 0 20202023 0 23232020 0 20232323 0 7e7e7e7e 0 7e7e7e7e 0 7e 
_C_26d5_5de0e614_2 84 0 20 0 0 0 
_C_26d5_5de0e614_1d 84 0 23 0 0 0 0 0 
_C_26d5_5de0e614_3 8c 0 78 0 0 672e2e2e 0 6e6e696e 0 74207275 0 746573 
_C_38ef_5de0f396_2 8c 0 90 0 0 3d202564 0 6c696420 0 715f7661 0 6d5f7265 0 6474 
_C_26d5_5de0e614_4 8c 0 188 0 0 7e7e7e7e 0 7e7e7e7e 0 7e7e7e7e 0 7e7e7e7e 0 207e7e7e 0 50415353 0 4553545f 0 7e7e2054 0 7e7e7e7e 0 7e7e7e7e 0 7e7e7e7e 0 7e7e7e7e 0 7e 
_C_38ef_5de0f396_1 8c 0 68 0 0 30782578 0 67203d20 0 725f7265 0 69 
_C_26d5_5de0e614_5 8c 0 188 0 0 7e7e7e7e 0 7e7e7e7e 0 7e7e7e7e 0 7e7e7e7e 0 7e7e7e7e 0 7e7e7e7e 0 7e7e7e7e 0 7e7e7e7e 0 7e7e7e7e 0 7e7e7e7e 0 7e7e7e7e 0 7e7e7e7e 0 7e 
_C_26d5_5de0e614_d 8c 0 190 0 0 7e7e7e7e 0 7e7e7e7e 0 7e7e7e7e 0 7e7e7e7e 0 7e7e7e7e 0 7e7e7e7e 0 7e7e7e7e 0 7e7e7e7e 0 7e7e7e7e 0 7e7e7e7e 0 7e7e7e7e 0 7e7e7e7e 0 7e7e 
_C_26d5_5de0e614_16 8c 0 48 0 0 4f75742e 0 696d6520 0 54 
