     32678
     32677
     32676
     32672
     32668
     32663
     32656
     32648
     32639
     32628
     32616
     32604
     32589
     32574
     32557
     32540
     32520
     32500
     32479
     32456
     32432
     32407
     32380
     32353
     32324
     32294
     32263
     32230
     32196
     32162
     32125
     32088
     32050
     32010
     31969
     31927
     31883
     31839
     31793
     31746
     31698
     31648
     31598
     31546
     31493
     31439
     31384
     31327
     31270
     31211
     31151
     31090
     31027
     30964
     30899
     30833
     30766
     30698
     30628
     30558
     30486
     30414
     30340
     30264
     30188
     30111
     30032
     29953
     29872
     29790
     29707
     29623
     29538
     29451
     29364
     29275
     29186
     29095
     29003
     28910
     28816
     28721
     28624
     28527
     28429
     28329
     28229
     28127
     28025
     27921
     27816
     27710
     27603
     27496
     27387
     27277
     27166
     27054
     26941
     26827
     26712
     26596
     26478
     26360
     26241
     26121
     26000
     25878
     25755
     25631
     25506
     25381
     25254
     25126
     24997
     24868
     24737
     24605
     24473
     24340
     24205
     24070
     23934
     23797
     23659
     23520
     23380
     23240
     23098
     22956
     22813
     22669
     22524
     22378
     22231
     22084
     21936
     21787
     21637
     21486
     21334
     21182
     21029
     20875
     20720
     20565
     20408
     20251
     20094
     19935
     19776
     19616
     19455
     19293
     19131
     18968
     18804
     18640
     18475
     18309
     18142
     17975
     17807
     17639
     17470
     17300
     17129
     16958
     16786
     16614
     16441
     16267
     16093
     15918
     15742
     15566
     15390
     15212
     15035
     14856
     14677
     14498
     14318
     14137
     13956
     13774
     13592
     13409
     13226
     13043
     12858
     12674
     12489
     12303
     12117
     11930
     11743
     11556
     11368
     11180
     10991
     10802
     10612
     10423
     10232
     10042
      9850
      9659
      9467
      9275
      9082
      8890
      8696
      8503
      8309
      8115
      7920
      7726
      7531
      7335
      7140
      6944
      6748
      6551
      6354
      6158
      5960
      5763
      5566
      5368
      5170
      4972
      4773
      4575
      4376
      4177
      3978
      3779
      3580
      3380
      3180
      2981
      2781
      2581
      2381
      2181
      1981
      1780
      1580
      1380
      1179
       979
       778
       578
       377
       176
       -24
      -225
      -425
      -626
      -826
     -1027
     -1227
     -1428
     -1628
     -1829
     -2029
     -2229
     -2429
     -2629
     -2829
     -3029
     -3229
     -3428
     -3628
     -3827
     -4026
     -4225
     -4424
     -4622
     -4821
     -5019
     -5217
     -5415
     -5613
     -5811
     -6008
     -6205
     -6402
     -6598
     -6795
     -6991
     -7187
     -7382
     -7577
     -7772
     -7967
     -8162
     -8356
     -8549
     -8743
     -8936
     -9129
     -9321
     -9513
     -9705
     -9896
    -10087
    -10278
    -10468
    -10658
    -10848
    -11037
    -11225
    -11413
    -11601
    -11788
    -11975
    -12162
    -12348
    -12533
    -12718
    -12903
    -13087
    -13270
    -13453
    -13636
    -13818
    -14000
    -14181
    -14361
    -14541
    -14720
    -14899
    -15077
    -15255
    -15432
    -15609
    -15785
    -15960
    -16135
    -16309
    -16482
    -16655
    -16828
    -16999
    -17170
    -17341
    -17510
    -17679
    -17848
    -18015
    -18183
    -18349
    -18514
    -18679
    -18844
    -19007
    -19170
    -19332
    -19494
    -19654
    -19814
    -19973
    -20132
    -20289
    -20446
    -20602
    -20758
    -20912
    -21066
    -21219
    -21371
    -21522
    -21673
    -21823
    -21971
    -22120
    -22267
    -22413
    -22559
    -22703
    -22847
    -22990
    -23132
    -23274
    -23414
    -23554
    -23692
    -23830
    -23967
    -24103
    -24238
    -24372
    -24505
    -24637
    -24768
    -24899
    -25028
    -25157
    -25284
    -25411
    -25537
    -25661
    -25785
    -25908
    -26030
    -26150
    -26270
    -26389
    -26507
    -26624
    -26739
    -26854
    -26968
    -27081
    -27193
    -27303
    -27413
    -27522
    -27629
    -27736
    -27841
    -27946
    -28049
    -28152
    -28253
    -28353
    -28453
    -28551
    -28648
    -28744
    -28839
    -28932
    -29025
    -29117
    -29207
    -29297
    -29385
    -29472
    -29558
    -29643
    -29727
    -29810
    -29891
    -29972
    -30051
    -30130
    -30207
    -30283
    -30357
    -30431
    -30504
    -30575
    -30645
    -30714
    -30782
    -30849
    -30915
    -30979
    -31042
    -31104
    -31165
    -31225
    -31284
    -31341
    -31397
    -31452
    -31506
    -31559
    -31610
    -31660
    -31709
    -31757
    -31804
    -31850
    -31894
    -31937
    -31979
    -32019
    -32059
    -32097
    -32134
    -32170
    -32205
    -32238
    -32270
    -32301
    -32331
    -32360
    -32387
    -32413
    -32438
    -32462
    -32484
    -32505
    -32525
    -32544
    -32561
    -32578
    -32593
    -32607
    -32619
    -32631
    -32641
    -32650
    -32658
    -32664
    -32669
    -32673
    -32676
    -32678
    -32678
    -32677
    -32675
    -32672
    -32667
    -32661
    -32654
    -32646
    -32636
    -32625
    -32613
    -32600
    -32586
    -32570
    -32553
    -32535
    -32516
    -32495
    -32473
    -32450
    -32426
    -32401
    -32374
    -32346
    -32317
    -32287
    -32255
    -32222
    -32188
    -32153
    -32117
    -32079
    -32040
    -32000
    -31959
    -31916
    -31873
    -31828
    -31782
    -31734
    -31686
    -31636
    -31586
    -31533
    -31480
    -31426
    -31370
    -31313
    -31256
    -31196
    -31136
    -31075
    -31012
    -30948
    -30883
    -30817
    -30750
    -30681
    -30612
    -30541
    -30469
    -30396
    -30322
    -30246
    -30170
    -30092
    -30013
    -29933
    -29852
    -29770
    -29687
    -29603
    -29517
    -29430
    -29343
    -29254
    -29164
    -29073
    -28981
    -28887
    -28793
    -28698
    -28601
    -28504
    -28405
    -28305
    -28204
    -28103
    -28000
    -27896
    -27791
    -27685
    -27578
    -27469
    -27360
    -27250
    -27139
    -27027
    -26913
    -26799
    -26684
    -26567
    -26450
    -26332
    -26213
    -26092
    -25971
    -25849
    -25726
    -25601
    -25476
    -25350
    -25223
    -25095
    -24966
    -24836
    -24705
    -24574
    -24441
    -24307
    -24173
    -24037
    -23901
    -23764
    -23626
    -23487
    -23347
    -23206
    -23064
    -22922
    -22778
    -22634
    -22489
    -22343
    -22196
    -22048
    -21900
    -21751
    -21600
    -21450
    -21298
    -21145
    -20992
    -20838
    -20683
    -20527
    -20371
    -20213
    -20055
    -19897
    -19737
    -19577
    -19416
    -19254
    -19092
    -18929
    -18765
    -18600
    -18435
    -18269
    -18102
    -17935
    -17767
    -17598
    -17429
    -17259
    -17088
    -16917
    -16745
    -16572
    -16399
    -16225
    -16051
    -15876
    -15700
    -15524
    -15347
    -15170
    -14992
    -14813
    -14634
    -14454
    -14274
    -14094
    -13912
    -13731
    -13548
    -13365
    -13182
    -12998
    -12814
    -12629
    -12444
    -12258
    -12072
    -11885
    -11698
    -11511
    -11323
    -11134
    -10946
    -10756
    -10567
    -10377
    -10186
     -9996
     -9804
     -9613
     -9421
     -9229
     -9036
     -8843
     -8650
     -8456
     -8262
     -8068
     -7874
     -7679
     -7484
     -7288
     -7092
     -6897
     -6700
     -6504
     -6307
     -6110
     -5913
     -5716
     -5518
     -5320
     -5122
     -4924
     -4725
     -4527
     -4328
     -4129
     -3930
     -3731
     -3532
     -3332
     -3132
     -2933
     -2733
     -2533
     -2333
     -2133
     -1933
     -1732
     -1532
     -1331
     -1131
      -931
      -730
      -529
      -329
      -128
        72
       273
       474
       674
       875
      1075
      1276
      1476
      1676
      1877
      2077
      2277
      2477
      2677
      2877
      3077
      3277
      3476
      3675
      3875
      4074
      4273
      4472
      4670
      4869
      5067
      5265
      5463
      5661
      5858
      6055
      6252
      6449
      6646
      6842
      7038
      7234
      7429
      7624
      7819
      8014
      8208
      8402
      8596
      8789
      8982
      9175
      9367
      9559
      9751
      9942
     10133
     10324
     10514
     10704
     10893
     11082
     11270
     11459
     11646
     11833
     12020
     12207
     12392
     12578
     12763
     12947
     13131
     13314
     13497
     13680
     13862
     14043
     14224
     14404
     14584
     14763
     14942
     15120
     15298
     15475
     15651
     15827
     16002
     16177
     16351
     16524
     16697
     16869
     17040
     17211
     17382
     17551
     17720
     17888
     18056
     18223
     18389
     18554
     18719
     18883
     19046
     19209
     19371
     19532
     19693
     19852
     20011
     20170
     20327
     20484
     20640
     20795
     20949
     21103
     21255
     21407
     21559
     21709
     21858
     22007
     22155
     22302
     22448
     22594
     22738
     22882
     23025
     23166
     23308
     23448
     23587
     23725
     23863
     23999
     24135
     24270
     24404
     24537
     24669
     24800
     24930
     25059
     25188
     25315
     25441
     25567
     25691
     25815
     25937
     26059
     26179
     26299
     26417
     26535
     26652
     26767
     26882
     26995
     27108
     27219
     27330
     27439
     27548
     27655
     27761
     27867
     27971
     28074
     28176
     28277
     28377
     28476
     28574
     28671
     28767
     28861
     28955
     29047
     29139
     29229
     29318
     29406
     29493
     29579
     29664
     29747
     29830
     29911
     29991
     30070
     30148
     30225
     30301
     30375
     30449
     30521
     30592
     30662
     30731
     30798
     30865
     30930
     30994
     31057
     31119
     31180
     31239
     31297
     31355
     31410
     31465
     31519
     31571
     31622
     31672
     31721
     31769
     31815
     31860
     31904
     31947
     31989
     32029
     32068
     32106
     32143
     32178
     32213
     32246
     32278
     32309
     32338
     32366
     32393
     32419
     32444
     32467
     32489
     32510
     32530
     32548
     32566
     32582
     32596
     32610
     32622
     32633
     32643
     32652
     32659
     32665
     32670
     32674
     32677
     32678
