0000000000000000
0000000011001000
0000000110010001
0000001001011001
0000001100100010
0000001111101010
0000010010110011
0000010101111011
0000011001000100
0000011100001100
0000011111010100
0000100010011100
0000100101100101
0000101000101101
0000101011110100
0000101110111100
0000110010000100
0000110101001100
0000111000010011
0000111011011010
0000111110100010
0001000001101001
0001000100101111
0001000111110110
0001001010111101
0001001110000011
0001010001001001
0001010100001111
0001010111010101
0001011010011010
0001011101100000
0001100000100101
0001100011101010
0001100110101110
0001101001110011
0001101100110111
0001101111111011
0001110010111110
0001110110000010
0001111001000101
0001111100000111
0001111111001010
0010000010001100
0010000101001110
0010001000001111
0010001011010000
0010001110010001
0010010001010010
0010010100010010
0010010111010010
0010011010010001
0010011101010000
0010100000001111
0010100011001101
0010100110001011
0010101001001000
0010101100000101
0010101111000010
0010110001111110
0010110100111010
0010110111110101
0010111010110000
0010111101101011
0011000000100101
0011000011011110
0011000110010111
0011001001010000
0011001100001000
0011001111000000
0011010001110111
0011010100101110
0011010111100100
0011011010011001
0011011101001110
0011100000000011
0011100010110111
0011100101101010
0011101000011101
0011101011010000
0011101110000001
0011110000110010
0011110011100011
0011110110010011
0011111001000010
0011111011110001
0011111110100000
0100000001001101
0100000011111010
0100000110100110
0100001001010010
0100001011111101
0100001110101000
0100010001010001
0100010011111011
0100010110100011
0100011001001011
0100011011110010
0100011110011000
0100100000111110
0100100011100011
0100100110000111
0100101000101011
0100101011001110
0100101101110000
0100110000010010
0100110010110010
0100110101010010
0100110111110010
0100111010010000
0100111100101110
0100111111001011
0101000001100111
0101000100000010
0101000110011101
0101001000110111
0101001011010000
0101001101101000
0101010000000000
0101010010010110
0101010100101100
0101010111000001
0101011001010101
0101011011101001
0101011101111011
0101100000001101
0101100010011110
0101100100101110
0101100110111101
0101101001001011
0101101011011000
0101101101100101
0101101111110000
0101110001111011
0101110100000101
0101110110001110
0101111000010110
0101111010011101
0101111100100011
0101111110101000
0110000000101101
0110000010110000
0110000100110011
0110000110110100
0110001000110101
0110001010110101
0110001100110011
0110001110110001
0110010000101110
0110010010101010
0110010100100101
0110010110011110
0110011000010111
0110011010001111
0110011100000110
0110011101111100
0110011111110001
0110100001100101
0110100011011000
0110100101001010
0110100110111011
0110101000101011
0110101010011001
0110101100000111
0110101101110100
0110101111100000
0110110001001011
0110110010110100
0110110100011101
0110110110000100
0110110111101011
0110111001010000
0110111010110101
0110111100011000
0110111101111010
0110111111011100
0111000000111100
0111000010011011
0111000011111001
0111000101010110
0111000110110001
0111001000001100
0111001001100101
0111001010111110
0111001100010101
0111001101101011
0111001111000001
0111010000010101
0111010001100111
0111010010111001
0111010100001010
0111010101011001
0111010110101000
0111010111110101
0111011001000001
0111011010001100
0111011011010110
0111011100011110
0111011101100110
0111011110101100
0111011111110010
0111100000110110
0111100001111001
0111100010111010
0111100011111011
0111100100111010
0111100101111000
0111100110110101
0111100111110001
0111101000101100
0111101001100110
0111101010011110
0111101011010101
0111101100001011
0111101101000000
0111101101110011
0111101110100110
0111101111010111
0111110000000111
0111110000110110
0111110001100100
0111110010010000
0111110010111011
0111110011100101
0111110100001110
0111110100110110
0111110101011100
0111110110000001
0111110110100101
0111110111001000
0111110111101010
0111111000001010
0111111000101001
0111111001000111
0111111001100100
0111111001111111
0111111010011001
0111111010110010
0111111011001010
0111111011100001
0111111011110110
0111111100001010
0111111100011101
0111111100101111
0111111100111111
0111111101001111
0111111101011101
0111111101101001
0111111101110101
0111111101111111
0111111110001000
0111111110010000
0111111110010111
0111111110011100
0111111110100000
0111111110100011
0111111110100101
0111111110100101
0111111110100101
0111111110100011
0111111110100000
0111111110011011
0111111110010101
0111111110001110
0111111110000110
0111111101111101
0111111101110010
0111111101100110
0111111101011001
0111111101001011
0111111100111100
0111111100101011
0111111100011001
0111111100000110
0111111011110001
0111111011011100
0111111011000101
0111111010101101
0111111010010011
0111111001111001
0111111001011101
0111111001000000
0111111000100010
0111111000000010
0111110111100010
0111110111000000
0111110110011101
0111110101111000
0111110101010011
0111110100101100
0111110100000100
0111110011011011
0111110010110001
0111110010000101
0111110001011001
0111110000101011
0111101111111100
0111101111001011
0111101110011010
0111101101100111
0111101100110011
0111101011111110
0111101011001000
0111101010010001
0111101001011000
0111101000011110
0111100111100011
0111100110100111
0111100101101010
0111100100101011
0111100011101011
0111100010101011
0111100001101001
0111100000100101
0111011111100001
0111011110011100
0111011101010101
0111011100001101
0111011011000100
0111011001111010
0111011000101111
0111010111100010
0111010110010101
0111010101000110
0111010011110111
0111010010100110
0111010001010100
0111010000000000
0111001110101100
0111001101010111
0111001100000000
0111001010101001
0111001001010000
0111000111110110
0111000110011011
0111000100111111
0111000011100010
0111000010000100
0111000000100101
0110111111000100
0110111101100011
0110111100000000
0110111010011101
0110111000111000
0110110111010010
0110110101101100
0110110100000100
0110110010011011
0110110000110001
0110101111000110
0110101101011010
0110101011101101
0110101001111111
0110101000010000
0110100110100000
0110100100101111
0110100010111100
0110100001001001
0110011111010101
0110011101100000
0110011011101010
0110011001110010
0110010111111010
0110010110000001
0110010100000111
0110010010001100
0110010000010000
0110001110010011
0110001100010101
0110001010010110
0110001000010110
0110000110010101
0110000100010011
0110000010010001
0110000000001101
0101111110001000
0101111100000011
0101111001111100
0101110111110101
0101110101101101
0101110011100100
0101110001011010
0101101111001111
0101101101000011
0101101010110110
0101101000101001
0101100110011010
0101100100001011
0101100001111011
0101011111101010
0101011101011000
0101011011000101
0101011000110010
0101010110011101
0101010100001000
0101010001110010
0101001111011011
0101001101000100
0101001010101011
0101001000010010
0101000101111000
0101000011011101
0101000001000001
0100111110100101
0100111100001000
0100111001101010
0100110111001011
0100110100101100
0100110010001100
0100101111101011
0100101101001001
0100101010100111
0100101000000100
0100100101100000
0100100010111011
0100100000010110
0100011101110000
0100011011001010
0100011000100011
0100010101111011
0100010011010010
0100010000101001
0100001101111111
0100001011010100
0100001000101001
0100000101111101
0100000011010001
0100000000100011
0011111101110110
0011111011000111
0011111000011000
0011110101101001
0011110010111001
0011110000001000
0011101101010111
0011101010100101
0011100111110010
0011100100111111
0011100010001100
0011011111010111
0011011100100011
0011011001101110
0011010110111000
0011010100000010
0011010001001011
0011001110010100
0011001011011100
0011001000100100
0011000101101011
0011000010110010
0010111111111000
0010111100111110
0010111010000011
0010110111001000
0010110100001101
0010110001010001
0010101110010101
0010101011011000
0010101000011011
0010100101011101
0010100010011111
0010011111100001
0010011100100010
0010011001100011
0010010110100011
0010010011100100
0010010000100011
0010001101100011
0010001010100010
0010000111100001
0010000100011111
0010000001011101
0001111110011011
0001111011011000
0001111000010110
0001110101010011
0001110010001111
0001101111001100
0001101100001000
0001101001000011
0001100101111111
0001100010111010
0001011111110101
0001011100110000
0001011001101011
0001010110100101
0001010011011111
0001010000011001
0001001101010011
0001001010001101
0001000111000110
0001000100000000
0001000000111001
0000111101110010
0000111010101010
0000110111100011
0000110100011100
0000110001010100
0000101110001100
0000101011000100
0000100111111100
0000100100110100
0000100001101100
0000011110100100
0000011011011100
0000011000010011
0000010101001011
0000010010000011
0000001110111010
0000001011110010
0000001000101001
0000000101100000
0000000010011000
1111111111001111
1111111100000111
1111111000111110
1111110101110101
1111110010101101
1111101111100100
1111101100011100
1111101001010011
1111100110001011
1111100011000011
1111011111111011
1111011100110010
1111011001101010
1111010110100010
1111010011011010
1111010000010011
1111001101001011
1111001010000011
1111000110111100
1111000011110101
1111000000101110
1110111101100111
1110111010100000
1110110111011001
1110110100010011
1110110001001100
1110101110000110
1110101011000000
1110100111111011
1110100100110101
1110100001110000
1110011110101011
1110011011100110
1110011000100001
1110010101011101
1110010010011001
1110001111010101
1110001100010010
1110001001001111
1110000110001100
1110000011001001
1110000000000111
1101111101000101
1101111010000011
1101110111000001
1101110100000000
1101110001000000
1101101101111111
1101101010111111
1101100111111111
1101100101000000
1101100010000001
1101011111000011
1101011100000100
1101011001000111
1101010110001001
1101010011001100
1101010000010000
1101001101010100
1101001010011000
1101000111011101
1101000100100010
1101000001100111
1100111110101101
1100111011110100
1100111000111011
1100110110000011
1100110011001011
1100110000010011
1100101101011100
1100101010100110
1100100111110000
1100100100111010
1100100010000101
1100011111010001
1100011100011101
1100011001101010
1100010110110111
1100010100000101
1100010001010011
1100001110100010
1100001011110010
1100001001000010
1100000110010010
1100000011100100
1100000000110110
1011111110001000
1011111011011011
1011111000101111
1011110110000100
1011110011011001
1011110000101110
1011101110000101
1011101011011100
1011101000110100
1011100110001100
1011100011100101
1011100000111111
1011011110011001
1011011011110100
1011011001010000
1011010110101101
1011010100001010
1011010001101000
1011001111000111
1011001100100110
1011001010000110
1011000111100111
1011000101001001
1011000010101011
1011000000001111
1010111101110011
1010111011010111
1010111000111101
1010110110100011
1010110100001010
1010110001110010
1010101111011011
1010101101000101
1010101010101111
1010101000011010
1010100110000110
1010100011110011
1010100001100001
1010011111001111
1010011100111111
1010011010101111
1010011000100000
1010010110010010
1010010100000101
1010010001111001
1010001111101101
1010001101100011
1010001011011001
1010001001010000
1010000111001001
1010000101000010
1010000010111100
1010000000110111
1001111110110011
1001111100101111
1001111010101101
1001111000101100
1001110110101011
1001110100101100
1001110010101101
1001110000110000
1001101110110011
1001101100111000
1001101010111101
1001101001000011
1001100111001011
1001100101010011
1001100011011100
1001100001100111
1001011111110010
1001011101111110
1001011100001100
1001011010011010
1001011000101001
1001010110111010
1001010101001011
1001010011011101
1001010001110001
1001010000000101
1001001110011011
1001001100110001
1001001011001001
1001001001100010
1001000111111011
1001000110010110
1001000100110010
1001000011001111
1001000001101101
1001000000001100
1000111110101100
1000111101001110
1000111011110000
1000111010010011
1000111000111000
1000110111011101
1000110110000100
1000110100101100
1000110011010101
1000110001111111
1000110000101010
1000101111010110
1000101110000100
1000101100110010
1000101011100010
1000101010010011
1000101001000101
1000100111111000
1000100110101100
1000100101100001
1000100100011000
1000100011001111
1000100010001000
1000100001000010
1000011111111101
1000011110111001
1000011101110111
1000011100110101
1000011011110101
1000011010110110
1000011001111000
1000011000111011
1000010111111111
1000010111000101
1000010110001100
1000010101010100
1000010100011101
1000010011100111
1000010010110011
1000010001111111
1000010001001101
1000010000011100
1000001111101100
1000001110111110
1000001110010001
1000001101100100
1000001100111010
1000001100010000
1000001011100111
1000001011000000
1000001010011010
1000001001110101
1000001001010001
1000001000101111
1000001000001101
1000000111101101
1000000111001111
1000000110110001
1000000110010101
1000000101111001
1000000101011111
1000000101000111
1000000100101111
1000000100011001
1000000100000100
1000000011110000
1000000011011101
1000000011001100
1000000010111100
1000000010101101
1000000010011111
1000000010010011
1000000010000111
1000000001111101
1000000001110101
1000000001101101
1000000001100111
1000000001100010
1000000001011110
1000000001011011
1000000001011010
1000000001011010
1000000001011011
1000000001011101
1000000001100000
1000000001100101
1000000001101011
1000000001110010
1000000001111011
1000000010000101
1000000010001111
1000000010011100
1000000010101001
1000000010111000
1000000011000111
1000000011011000
1000000011101011
1000000011111110
1000000100010011
1000000100101001
1000000101000000
1000000101011000
1000000101110010
1000000110001101
1000000110101001
1000000111000110
1000000111100101
1000001000000100
1000001000100101
1000001001001000
1000001001101011
1000001010001111
1000001010110101
1000001011011100
1000001100000100
1000001100101110
1000001101011000
1000001110000100
1000001110110001
1000001111011111
1000010000001111
1000010000111111
1000010001110001
1000010010100100
1000010011011000
1000010100001110
1000010101000100
1000010101111100
1000010110110101
1000010111101111
1000011000101010
1000011001100111
1000011010100100
1000011011100011
1000011100100011
1000011101100100
1000011110100111
1000011111101010
1000100000101111
1000100001110100
1000100010111011
1000100100000011
1000100101001101
1000100110010111
1000100111100010
1000101000101111
1000101001111101
1000101011001100
1000101100011100
1000101101101101
1000101110111111
1000110000010011
1000110001100111
1000110010111101
1000110100010100
1000110101101100
1000110111000100
1000111000011111
1000111001111010
1000111011010110
1000111100110011
1000111110010010
1000111111110001
1001000001010010
1001000010110100
1001000100010110
1001000101111010
1001000111011111
1001001001000101
1001001010101100
1001001100010100
1001001101111101
1001001111101000
1001010001010011
1001010010111111
1001010100101100
1001010110011011
1001011000001010
1001011001111010
1001011011101100
1001011101011110
1001011111010010
1001100001000110
1001100010111011
1001100100110010
1001100110101001
1001101000100010
1001101010011011
1001101100010101
1001101110010001
1001110000001101
1001110010001010
1001110100001001
1001110110001000
1001111000001000
1001111010001001
1001111100001011
1001111110001110
1010000000010010
1010000010010111
1010000100011100
1010000110100011
1010001000101011
1010001010110011
1010001100111100
1010001111000111
1010010001010010
1010010011011110
1010010101101011
1010010111111000
1010011010000111
1010011100010111
1010011110100111
1010100000111000
1010100011001010
1010100101011101
1010100111110001
1010101010000110
1010101100011011
1010101110110001
1010110001001000
1010110011100000
1010110101111001
1010111000010010
1010111010101100
1010111101000111
1010111111100011
1011000010000000
1011000100011101
1011000110111011
1011001001011010
1011001011111010
1011001110011010
1011010000111011
1011010011011101
1011010101111111
1011011000100011
1011011011000111
1011011101101011
1011100000010001
1011100010110111
1011100101011101
1011101000000101
1011101010101101
1011101101010110
1011101111111111
1011110010101001
1011110101010100
1011110111111111
1011111010101011
1011111101011000
1100000000000101
1100000010110011
1100000101100010
1100001000010001
1100001011000001
1100001101110001
1100010000100010
1100010011010011
1100010110000101
1100011000111000
1100011011101011
1100011110011111
1100100001010011
1100100100001000
1100100110111101
1100101001110011
1100101100101001
1100101111100000
1100110010010111
1100110101001111
1100111000001000
1100111011000001
1100111101111010
1101000000110100
1101000011101110
1101000110101001
1101001001100100
1101001100011111
1101001111011011
1101010010011000
1101010101010101
1101011000010010
1101011011010000
1101011110001110
1101100001001100
1101100100001011
1101100111001010
1101101010001010
1101101101001010
1101110000001010
1101110011001011
1101110110001100
1101111001001101
1101111100001111
1101111111010001
1110000010010011
1110000101010101
1110001000011000
1110001011011011
1110001110011111
1110010001100011
1110010100100111
1110010111101011
1110011010101111
1110011101110100
1110100000111001
1110100011111110
1110100111000100
1110101010001001
1110101101001111
1110110000010101
1110110011011011
1110110110100010
1110111001101000
1110111100101111
1110111111110110
1111000010111101
1111000110000101
1111001001001100
1111001100010011
1111001111011011
1111010010100011
1111010101101011
1111011000110011
1111011011111011
1111011111000011
1111100010001011
1111100101010011
1111101000011100
1111101011100100
1111101110101101
1111110001110101
1111110100111110
1111111000000110
1111111011001111
1111111110010111
