         0
       201
       401
       602
       802
      1003
      1203
      1404
      1604
      1805
      2005
      2205
      2405
      2605
      2805
      3005
      3205
      3404
      3604
      3803
      4002
      4201
      4400
      4599
      4797
      4995
      5194
      5392
      5589
      5787
      5984
      6181
      6378
      6575
      6771
      6967
      7163
      7359
      7554
      7749
      7944
      8138
      8332
      8526
      8720
      8913
      9106
      9298
      9490
      9682
      9873
     10064
     10255
     10445
     10635
     10825
     11014
     11203
     11391
     11579
     11766
     11953
     12139
     12325
     12511
     12696
     12881
     13065
     13248
     13431
     13614
     13796
     13978
     14159
     14339
     14519
     14699
     14878
     15056
     15234
     15411
     15588
     15764
     15939
     16114
     16288
     16462
     16635
     16807
     16979
     17150
     17320
     17490
     17659
     17828
     17995
     18162
     18329
     18495
     18660
     18824
     18988
     19150
     19313
     19474
     19635
     19795
     19954
     20113
     20270
     20427
     20583
     20739
     20893
     21047
     21200
     21353
     21504
     21655
     21805
     21954
     22102
     22249
     22396
     22541
     22686
     22830
     22973
     23115
     23257
     23397
     23537
     23676
     23813
     23950
     24086
     24221
     24356
     24489
     24621
     24753
     24883
     25013
     25141
     25269
     25396
     25522
     25646
     25770
     25893
     26015
     26136
     26256
     26375
     26493
     26610
     26726
     26840
     26954
     27067
     27179
     27290
     27400
     27509
     27616
     27723
     27829
     27933
     28037
     28140
     28241
     28341
     28441
     28539
     28636
     28732
     28827
     28921
     29014
     29106
     29196
     29286
     29374
     29462
     29548
     29633
     29717
     29800
     29882
     29962
     30042
     30120
     30197
     30274
     30349
     30422
     30495
     30566
     30637
     30706
     30774
     30841
     30907
     30971
     31035
     31097
     31158
     31218
     31277
     31334
     31390
     31446
     31500
     31552
     31604
     31654
     31704
     31752
     31798
     31844
     31889
     31932
     31974
     32015
     32054
     32093
     32130
     32166
     32201
     32234
     32266
     32298
     32328
     32356
     32384
     32410
     32435
     32459
     32481
     32503
     32523
     32542
     32559
     32576
     32591
     32605
     32618
     32629
     32640
     32649
     32657
     32663
     32669
     32673
     32676
     32678
     32678
     32677
     32675
     32672
     32668
     32662
     32655
     32647
     32637
     32627
     32615
     32602
     32588
     32572
     32555
     32537
     32518
     32498
     32476
     32453
     32429
     32404
     32377
     32349
     32320
     32290
     32259
     32226
     32192
     32157
     32121
     32083
     32045
     32005
     31964
     31921
     31878
     31833
     31787
     31740
     31692
     31642
     31592
     31540
     31487
     31432
     31377
     31320
     31263
     31204
     31143
     31082
     31020
     30956
     30891
     30825
     30758
     30690
     30620
     30549
     30478
     30405
     30331
     30255
     30179
     30101
     30023
     29943
     29862
     29780
     29697
     29613
     29527
     29441
     29353
     29265
     29175
     29084
     28992
     28899
     28804
     28709
     28613
     28515
     28417
     28317
     28217
     28115
     28012
     27908
     27803
     27698
     27591
     27483
     27374
     27263
     27152
     27040
     26927
     26813
     26698
     26582
     26464
     26346
     26227
     26107
     25986
     25864
     25740
     25616
     25491
     25365
     25238
     25111
     24982
     24852
     24721
     24589
     24457
     24323
     24189
     24054
     23917
     23780
     23642
     23503
     23363
     23223
     23081
     22939
     22795
     22651
     22506
     22360
     22214
     22066
     21918
     21769
     21619
     21468
     21316
     21164
     21010
     20856
     20702
     20546
     20390
     20232
     20075
     19916
     19756
     19596
     19435
     19274
     19111
     18948
     18784
     18620
     18455
     18289
     18122
     17955
     17787
     17618
     17449
     17279
     17109
     16937
     16766
     16593
     16420
     16246
     16072
     15897
     15721
     15545
     15368
     15191
     15013
     14835
     14656
     14476
     14296
     14115
     13934
     13752
     13570
     13387
     13204
     13020
     12836
     12652
     12466
     12281
     12095
     11908
     11721
     11533
     11346
     11157
     10968
     10779
     10590
     10400
     10209
     10019
      9827
      9636
      9444
      9252
      9059
      8866
      8673
      8480
      8286
      8091
      7897
      7702
      7507
      7312
      7116
      6920
      6724
      6527
      6331
      6134
      5937
      5739
      5542
      5344
      5146
      4948
      4749
      4551
      4352
      4153
      3954
      3755
      3556
      3356
      3156
      2957
      2757
      2557
      2357
      2157
      1957
      1756
      1556
      1356
      1155
       955
       754
       554
       353
       152
       -48
      -249
      -449
      -650
      -851
     -1051
     -1252
     -1452
     -1652
     -1853
     -2053
     -2253
     -2453
     -2653
     -2853
     -3053
     -3253
     -3452
     -3651
     -3851
     -4050
     -4249
     -4448
     -4646
     -4845
     -5043
     -5241
     -5439
     -5637
     -5834
     -6032
     -6229
     -6425
     -6622
     -6818
     -7014
     -7210
     -7406
     -7601
     -7796
     -7991
     -8185
     -8379
     -8573
     -8766
     -8959
     -9152
     -9344
     -9536
     -9728
     -9919
    -10110
    -10301
    -10491
    -10681
    -10870
    -11059
    -11248
    -11436
    -11624
    -11811
    -11998
    -12184
    -12370
    -12555
    -12740
    -12925
    -13109
    -13292
    -13475
    -13658
    -13840
    -14021
    -14202
    -14383
    -14563
    -14742
    -14921
    -15099
    -15276
    -15453
    -15630
    -15806
    -15981
    -16156
    -16330
    -16503
    -16676
    -16848
    -17020
    -17191
    -17361
    -17531
    -17700
    -17868
    -18036
    -18203
    -18369
    -18534
    -18699
    -18863
    -19027
    -19190
    -19352
    -19513
    -19673
    -19833
    -19992
    -20151
    -20308
    -20465
    -20621
    -20776
    -20931
    -21084
    -21237
    -21389
    -21540
    -21691
    -21840
    -21989
    -22137
    -22284
    -22431
    -22576
    -22721
    -22865
    -23007
    -23149
    -23291
    -23431
    -23570
    -23709
    -23846
    -23983
    -24119
    -24254
    -24388
    -24521
    -24653
    -24784
    -24914
    -25044
    -25172
    -25300
    -25426
    -25552
    -25676
    -25800
    -25922
    -26044
    -26165
    -26284
    -26403
    -26521
    -26638
    -26753
    -26868
    -26982
    -27094
    -27206
    -27317
    -27426
    -27535
    -27642
    -27749
    -27854
    -27958
    -28062
    -28164
    -28265
    -28365
    -28464
    -28562
    -28659
    -28755
    -28850
    -28944
    -29036
    -29128
    -29218
    -29307
    -29396
    -29483
    -29569
    -29653
    -29737
    -29820
    -29901
    -29982
    -30061
    -30139
    -30216
    -30292
    -30366
    -30440
    -30512
    -30584
    -30654
    -30723
    -30790
    -30857
    -30922
    -30987
    -31050
    -31112
    -31173
    -31232
    -31291
    -31348
    -31404
    -31459
    -31512
    -31565
    -31616
    -31666
    -31715
    -31763
    -31810
    -31855
    -31899
    -31942
    -31984
    -32024
    -32064
    -32102
    -32139
    -32174
    -32209
    -32242
    -32274
    -32305
    -32335
    -32363
    -32390
    -32416
    -32441
    -32464
    -32487
    -32508
    -32528
    -32546
    -32564
    -32580
    -32595
    -32608
    -32621
    -32632
    -32642
    -32651
    -32658
    -32665
    -32670
    -32674
    -32676
    -32678
    -32678
    -32677
    -32675
    -32671
    -32666
    -32660
    -32653
    -32645
    -32635
    -32624
    -32612
    -32599
    -32584
    -32568
    -32551
    -32533
    -32513
    -32493
    -32471
    -32447
    -32423
    -32397
    -32371
    -32343
    -32313
    -32283
    -32251
    -32218
    -32184
    -32149
    -32112
    -32074
    -32035
    -31995
    -31954
    -31911
    -31867
    -31822
    -31776
    -31729
    -31680
    -31630
    -31579
    -31527
    -31474
    -31419
    -31363
    -31307
    -31248
    -31189
    -31129
    -31067
    -31004
    -30940
    -30875
    -30809
    -30742
    -30673
    -30603
    -30532
    -30460
    -30387
    -30313
    -30237
    -30160
    -30083
    -30004
    -29924
    -29843
    -29760
    -29677
    -29592
    -29507
    -29420
    -29332
    -29243
    -29153
    -29062
    -28969
    -28876
    -28782
    -28686
    -28590
    -28492
    -28393
    -28293
    -28192
    -28090
    -27987
    -27883
    -27778
    -27672
    -27565
    -27456
    -27347
    -27237
    -27125
    -27013
    -26900
    -26785
    -26670
    -26553
    -26436
    -26318
    -26198
    -26078
    -25956
    -25834
    -25711
    -25586
    -25461
    -25335
    -25208
    -25080
    -24951
    -24821
    -24690
    -24558
    -24425
    -24291
    -24157
    -24021
    -23885
    -23747
    -23609
    -23470
    -23330
    -23189
    -23047
    -22904
    -22761
    -22617
    -22471
    -22325
    -22178
    -22031
    -21882
    -21733
    -21582
    -21431
    -21280
    -21127
    -20973
    -20819
    -20664
    -20508
    -20352
    -20194
    -20036
    -19878
    -19718
    -19558
    -19397
    -19235
    -19072
    -18909
    -18745
    -18580
    -18415
    -18249
    -18082
    -17915
    -17747
    -17578
    -17408
    -17238
    -17068
    -16896
    -16724
    -16551
    -16378
    -16204
    -16030
    -15855
    -15679
    -15503
    -15326
    -15148
    -14970
    -14792
    -14613
    -14433
    -14253
    -14072
    -13890
    -13709
    -13526
    -13343
    -13160
    -12976
    -12792
    -12607
    -12422
    -12236
    -12050
    -11863
    -11676
    -11488
    -11300
    -11112
    -10923
    -10734
    -10544
    -10354
    -10163
     -9973
     -9781
     -9590
     -9398
     -9206
     -9013
     -8820
     -8627
     -8433
     -8239
     -8045
     -7850
     -7655
     -7460
     -7265
     -7069
     -6873
     -6677
     -6480
     -6283
     -6086
     -5889
     -5692
     -5494
     -5296
     -5098
     -4900
     -4702
     -4503
     -4304
     -4105
     -3906
     -3707
     -3508
     -3308
     -3108
     -2909
     -2709
     -2509
     -2309
     -2109
     -1908
     -1708
     -1508
     -1307
     -1107
      -906
      -706
      -505
      -305
      -104
