0111111110100110
0111111110100101
0111111110100011
0111111110100000
0111111110011100
0111111110010110
0111111110001111
0111111110000111
0111111101111110
0111111101110100
0111111101101000
0111111101011011
0111111101001101
0111111100111101
0111111100101101
0111111100011011
0111111100001000
0111111011110100
0111111011011110
0111111011000111
0111111010110000
0111111010010110
0111111001111100
0111111001100000
0111111001000011
0111111000100101
0111111000000110
0111110111100110
0111110111000100
0111110110100001
0111110101111101
0111110101011000
0111110100110001
0111110100001001
0111110011100000
0111110010110110
0111110010001011
0111110001011110
0111110000110000
0111110000000001
0111101111010001
0111101110100000
0111101101101101
0111101100111010
0111101100000101
0111101011001111
0111101010010111
0111101001011111
0111101000100101
0111100111101010
0111100110101110
0111100101110001
0111100100110011
0111100011110011
0111100010110010
0111100001110001
0111100000101101
0111011111101001
0111011110100100
0111011101011101
0111011100010110
0111011011001101
0111011010000011
0111011000111000
0111010111101100
0111010110011110
0111010101010000
0111010100000000
0111010010101111
0111010001011110
0111010000001011
0111001110110110
0111001101100001
0111001100001011
0111001010110011
0111001001011011
0111001000000001
0111000110100110
0111000101001010
0111000011101101
0111000010001111
0111000000110000
0110111111010000
0110111101101111
0110111100001100
0110111010101001
0110111001000100
0110110111011111
0110110101111000
0110110100010000
0110110010101000
0110110000111110
0110101111010011
0110101101100111
0110101011111010
0110101010001100
0110101000011101
0110100110101101
0110100100111100
0110100011001010
0110100001010111
0110011111100011
0110011101101110
0110011011111000
0110011010000001
0110011000001001
0110010110010000
0110010100010110
0110010010011011
0110010000011111
0110001110100010
0110001100100100
0110001010100101
0110001000100101
0110000110100101
0110000100100011
0110000010100000
0110000000011101
0101111110011000
0101111100010011
0101111010001101
0101111000000101
0101110101111101
0101110011110100
0101110001101010
0101101111100000
0101101101010100
0101101011000111
0101101000111010
0101100110101011
0101100100011100
0101100010001100
0101011111111011
0101011101101010
0101011011010111
0101011001000011
0101010110101111
0101010100011010
0101010010000100
0101001111101101
0101001101010110
0101001010111110
0101001000100100
0101000110001010
0101000011110000
0101000001010100
0100111110111000
0100111100011011
0100111001111101
0100110111011110
0100110100111111
0100110010011111
0100101111111110
0100101101011101
0100101010111010
0100101000010111
0100100101110100
0100100011001111
0100100000101010
0100011110000100
0100011011011110
0100011000110111
0100010110001111
0100010011100110
0100010000111101
0100001110010011
0100001011101001
0100001000111110
0100000110010010
0100000011100101
0100000000111000
0011111110001011
0011111011011100
0011111000101101
0011110101111110
0011110011001110
0011110000011101
0011101101101100
0011101010111010
0011101000001000
0011100101010101
0011100010100001
0011011111101101
0011011100111001
0011011010000011
0011010111001110
0011010100011000
0011010001100001
0011001110101010
0011001011110010
0011001000111010
0011000110000001
0011000011001000
0011000000001110
0010111101010100
0010111010011010
0010110111011111
0010110100100011
0010110001101000
0010101110101011
0010101011101111
0010101000110010
0010100101110100
0010100010110110
0010011111111000
0010011100111001
0010011001111010
0010010110111010
0010010011111011
0010010000111010
0010001101111010
0010001010111001
0010000111111000
0010000100110110
0010000001110100
0001111110110010
0001111011110000
0001111000101101
0001110101101010
0001110010100111
0001101111100011
0001101100011111
0001101001011011
0001100110010111
0001100011010010
0001100000001101
0001011101001000
0001011010000011
0001010110111101
0001010011110111
0001010000110001
0001001101101011
0001001010100101
0001000111011110
0001000100010111
0001000001010001
0000111110001010
0000111011000010
0000110111111011
0000110100110100
0000110001101100
0000101110100100
0000101011011100
0000101000010101
0000100101001101
0000100010000100
0000011110111100
0000011011110100
0000011000101100
0000010101100011
0000010010011011
0000001111010010
0000001100001010
0000001001000001
0000000101111001
0000000010110000
1111111111100111
1111111100011111
1111111001010110
1111110110001110
1111110011000101
1111101111111101
1111101100110100
1111101001101100
1111100110100011
1111100011011011
1111100000010011
1111011101001010
1111011010000010
1111010110111010
1111010011110010
1111010000101011
1111001101100011
1111001010011011
1111000111010100
1111000100001101
1111000001000110
1110111101111111
1110111010111000
1110110111110001
1110110100101011
1110110001100100
1110101110011110
1110101011011000
1110101000010010
1110100101001101
1110100010001000
1110011111000011
1110011011111110
1110011000111001
1110010101110101
1110010010110001
1110001111101101
1110001100101001
1110001001100110
1110000110100011
1110000011100000
1110000000011110
1101111101011100
1101111010011010
1101110111011001
1101110100010111
1101110001010111
1101101110010110
1101101011010110
1101101000010110
1101100101010111
1101100010011000
1101011111011001
1101011100011011
1101011001011101
1101010110100000
1101010011100011
1101010000100110
1101001101101010
1101001010101110
1101000111110011
1101000100111000
1101000001111110
1100111111000100
1100111100001010
1100111001010001
1100110110011001
1100110011100001
1100110000101001
1100101101110010
1100101010111011
1100101000000101
1100100101010000
1100100010011011
1100011111100110
1100011100110011
1100011001111111
1100010111001100
1100010100011010
1100010001101000
1100001110110111
1100001100000111
1100001001010111
1100000110100111
1100000011111001
1100000001001011
1011111110011101
1011111011110000
1011111001000100
1011110110011000
1011110011101101
1011110001000011
1011101110011001
1011101011110000
1011101001001000
1011100110100000
1011100011111001
1011100001010011
1011011110101101
1011011100001000
1011011001100100
1011010111000000
1011010100011101
1011010001111011
1011001111011010
1011001100111001
1011001010011001
1011000111111010
1011000101011100
1011000010111110
1011000000100001
1010111110000101
1010111011101010
1010111001001111
1010110110110110
1010110100011101
1010110010000101
1010101111101101
1010101101010111
1010101011000001
1010101000101100
1010100110011000
1010100100000101
1010100001110010
1010011111100001
1010011101010000
1010011011000000
1010011000110001
1010010110100011
1010010100010110
1010010010001001
1010001111111110
1010001101110011
1010001011101010
1010001001100001
1010000111011001
1010000101010010
1010000011001100
1010000001000111
1001111111000010
1001111100111111
1001111010111101
1001111000111011
1001110110111011
1001110100111011
1001110010111101
1001110000111111
1001101111000010
1001101101000111
1001101011001100
1001101001010010
1001100111011001
1001100101100001
1001100011101011
1001100001110101
1001100000000000
1001011110001100
1001011100011001
1001011010101000
1001011000110111
1001010111000111
1001010101011000
1001010011101011
1001010001111110
1001010000010010
1001001110101000
1001001100111110
1001001011010110
1001001001101110
1001001000001000
1001000110100010
1001000100111110
1001000011011011
1001000001111001
1001000000011000
1000111110111000
1000111101011001
1000111011111011
1000111010011110
1000111001000011
1000110111101000
1000110110001111
1000110100110111
1000110011011111
1000110010001001
1000110000110100
1000101111100000
1000101110001110
1000101100111100
1000101011101100
1000101010011100
1000101001001110
1000101000000001
1000100110110101
1000100101101010
1000100100100000
1000100011011000
1000100010010000
1000100001001010
1000100000000101
1000011111000001
1000011101111111
1000011100111101
1000011011111101
1000011010111101
1000011001111111
1000011001000010
1000011000000111
1000010111001100
1000010110010011
1000010101011010
1000010100100011
1000010011101101
1000010010111001
1000010010000101
1000010001010011
1000010000100010
1000001111110010
1000001111000011
1000001110010110
1000001101101010
1000001100111111
1000001100010101
1000001011101100
1000001011000101
1000001010011110
1000001001111001
1000001001010101
1000001000110011
1000001000010001
1000000111110001
1000000111010010
1000000110110100
1000000110011000
1000000101111101
1000000101100010
1000000101001010
1000000100110010
1000000100011100
1000000100000110
1000000011110010
1000000011100000
1000000011001110
1000000010111110
1000000010101111
1000000010100001
1000000010010100
1000000010001001
1000000001111111
1000000001110110
1000000001101110
1000000001100111
1000000001100010
1000000001011110
1000000001011011
1000000001011010
1000000001011010
1000000001011010
1000000001011101
1000000001100000
1000000001100101
1000000001101010
1000000001110001
1000000001111010
1000000010000011
1000000010001110
1000000010011010
1000000010100111
1000000010110110
1000000011000101
1000000011010110
1000000011101000
1000000011111100
1000000100010000
1000000100100110
1000000100111101
1000000101010101
1000000101101111
1000000110001010
1000000110100110
1000000111000011
1000000111100001
1000001000000001
1000001000100001
1000001001000011
1000001001100111
1000001010001011
1000001010110001
1000001011010111
1000001011111111
1000001100101001
1000001101010011
1000001101111111
1000001110101100
1000001111011010
1000010000001001
1000010000111010
1000010001101011
1000010010011110
1000010011010010
1000010100000111
1000010100111110
1000010101110101
1000010110101110
1000010111101000
1000011000100011
1000011001011111
1000011010011101
1000011011011100
1000011100011011
1000011101011100
1000011110011110
1000011111100010
1000100000100110
1000100001101100
1000100010110011
1000100011111011
1000100101000100
1000100110001110
1000100111011001
1000101000100110
1000101001110011
1000101011000010
1000101100010010
1000101101100011
1000101110110101
1000110000001001
1000110001011101
1000110010110011
1000110100001001
1000110101100001
1000110110111010
1000111000010100
1000111001101111
1000111011001011
1000111100101000
1000111110000110
1000111111100110
1001000001000110
1001000010101000
1001000100001011
1001000101101110
1001000111010011
1001001000111001
1001001010100000
1001001100001000
1001001101110001
1001001111011011
1001010001000110
1001010010110010
1001010100011111
1001010110001101
1001010111111101
1001011001101101
1001011011011110
1001011101010000
1001011111000100
1001100000111000
1001100010101101
1001100100100100
1001100110011011
1001101000010011
1001101010001100
1001101100000111
1001101110000010
1001101111111110
1001110001111011
1001110011111001
1001110101111000
1001110111111000
1001111001111001
1001111011111011
1001111101111110
1010000000000010
1010000010000111
1010000100001100
1010000110010011
1010001000011010
1010001010100011
1010001100101100
1010001110110110
1010010001000001
1010010011001101
1010010101011010
1010010111100111
1010011001110110
1010011100000101
1010011110010110
1010100000100111
1010100010111001
1010100101001011
1010100111011111
1010101001110100
1010101100001001
1010101110011111
1010110000110110
1010110011001110
1010110101100110
1010111000000000
1010111010011010
1010111100110101
1010111111010000
1011000001101101
1011000100001010
1011000110101000
1011001001000111
1011001011100110
1011001110000111
1011010000101000
1011010011001001
1011010101101100
1011011000001111
1011011010110011
1011011101010111
1011011111111101
1011100010100011
1011100101001001
1011100111110001
1011101010011001
1011101101000001
1011101111101011
1011110010010101
1011110100111111
1011110111101011
1011111010010111
1011111101000011
1011111111110000
1100000010011110
1100000101001101
1100000111111100
1100001010101011
1100001101011100
1100010000001100
1100010010111110
1100010101110000
1100011000100010
1100011011010101
1100011110001001
1100100000111101
1100100011110010
1100100110100111
1100101001011101
1100101100010011
1100101111001010
1100110010000001
1100110100111001
1100110111110001
1100111010101010
1100111101100011
1101000000011101
1101000011010111
1101000110010010
1101001001001101
1101001100001001
1101001111000101
1101010010000001
1101010100111110
1101010111111011
1101011010111001
1101011101110111
1101100000110101
1101100011110100
1101100110110011
1101101001110011
1101101100110011
1101101111110011
1101110010110011
1101110101110100
1101111000110110
1101111011110111
1101111110111001
1110000001111011
1110000100111110
1110001000000001
1110001011000100
1110001110000111
1110010001001011
1110010100001111
1110010111010011
1110011010011000
1110011101011100
1110100000100001
1110100011100111
1110100110101100
1110101001110010
1110101100110111
1110101111111101
1110110011000100
1110110110001010
1110111001010001
1110111100010111
1110111111011110
1111000010100101
1111000101101101
1111001000110100
1111001011111011
1111001111000011
1111010010001011
1111010101010011
1111011000011011
1111011011100011
1111011110101011
1111100001110011
1111100100111011
1111101000000100
1111101011001100
1111101110010100
1111110001011101
1111110100100110
1111110111101110
1111111010110111
1111111101111111
0000000001001000
0000000100010000
0000000111011001
0000001010100010
0000001101101010
0000010000110011
0000010011111011
0000010111000100
0000011010001100
0000011101010100
0000100000011101
0000100011100101
0000100110101101
0000101001110101
0000101100111101
0000110000000100
0000110011001100
0000110110010100
0000111001011011
0000111100100010
0000111111101001
0001000010110000
0001000101110111
0001001000111110
0001001100000100
0001001111001010
0001010010010001
0001010101010110
0001011000011100
0001011011100010
0001011110100111
0001100001101100
0001100100110001
0001100111110101
0001101010111001
0001101101111101
0001110001000001
0001110100000101
0001110111001000
0001111010001011
0001111101001101
0010000000010000
0010000011010010
0010000110010100
0010001001010101
0010001100010110
0010001111010111
0010010010010111
0010010101010111
0010011000010111
0010011011010110
0010011110010101
0010100001010011
0010100100010001
0010100111001111
0010101010001101
0010101101001001
0010110000000110
0010110011000010
0010110101111110
0010111000111001
0010111011110100
0010111110101110
0011000001101000
0011000100100001
0011000111011010
0011001010010011
0011001101001011
0011010000000010
0011010010111001
0011010101101111
0011011000100101
0011011011011011
0011011110010000
0011100001000100
0011100011111000
0011100110101011
0011101001011110
0011101100010000
0011101111000001
0011110001110010
0011110100100011
0011110111010010
0011111010000010
0011111100110000
0011111111011110
0100000010001100
0100000100111000
0100000111100100
0100001010010000
0100001100111011
0100001111100101
0100010010001111
0100010100110111
0100010111100000
0100011010000111
0100011100101110
0100011111010100
0100100001111010
0100100100011111
0100100111000011
0100101001100110
0100101100001001
0100101110101011
0100110001001100
0100110011101100
0100110110001100
0100111000101011
0100111011001001
0100111101100111
0101000000000011
0101000010011111
0101000100111010
0101000111010101
0101001001101110
0101001100000111
0101001110011111
0101010000110110
0101010011001100
0101010101100010
0101010111110111
0101011010001011
0101011100011110
0101011110110000
0101100001000001
0101100011010010
0101100101100001
0101100111110000
0101101001111110
0101101100001011
0101101110010111
0101110000100010
0101110010101101
0101110100110110
0101110110111111
0101111001000111
0101111011001101
0101111101010011
0101111111011000
0110000001011100
0110000011011111
0110000101100010
0110000111100011
0110001001100011
0110001011100010
0110001101100001
0110001111011110
0110010001011011
0110010011010110
0110010101010001
0110010111001010
0110011001000011
0110011010111010
0110011100110001
0110011110100110
0110100000011011
0110100010001111
0110100100000001
0110100101110011
0110100111100011
0110101001010011
0110101011000001
0110101100101111
0110101110011011
0110110000000111
0110110001110001
0110110011011010
0110110101000010
0110110110101010
0110111000010000
0110111001110101
0110111011011001
0110111100111100
0110111110011110
0110111111111110
0111000001011110
0111000010111101
0111000100011010
0111000101110111
0111000111010010
0111001000101100
0111001010000110
0111001011011110
0111001100110100
0111001110001010
0111001111011111
0111010000110011
0111010010000101
0111010011010110
0111010100100111
0111010101110110
0111010111000100
0111011000010001
0111011001011100
0111011010100111
0111011011110000
0111011100111000
0111011110000000
0111011111000101
0111100000001010
0111100001001110
0111100010010000
0111100011010010
0111100100010010
0111100101010001
0111100110001111
0111100111001011
0111101000000111
0111101001000001
0111101001111010
0111101010110010
0111101011101001
0111101100011110
0111101101010011
0111101110000110
0111101110111000
0111101111101001
0111110000011000
0111110001000111
0111110001110100
0111110010100000
0111110011001011
0111110011110100
0111110100011101
0111110101000100
0111110101101010
0111110110001110
0111110110110010
0111110111010100
0111110111110101
0111111000010101
0111111000110100
0111111001010010
0111111001101110
0111111010001001
0111111010100011
0111111010111011
0111111011010011
0111111011101001
0111111011111110
0111111100010001
0111111100100100
0111111100110101
0111111101000101
0111111101010100
0111111101100001
0111111101101110
0111111101111001
0111111110000011
0111111110001011
0111111110010011
0111111110011001
0111111110011110
0111111110100010
0111111110100100
0111111110100101
